Pashtun_Bettani,0.089161333,0.042313667,-0.072909667,0.050280333,-0.064627333,0.034489333,0.0019583333,-0.0014613333,-0.020997667,-0.016219,-0.005846,0.0035466667,-0.0010903333,-0.010459333,0.007012,0.022938,0.011169667,-0.00050666667,-0.0015923333,-0.005294,0.0020793333,-0.009109,0.00073966667,-0.0077116667,0.0065063333
Pashtun_Durrani,0.0826852,0.0287334,-0.0718074,0.0496518,-0.0608124,0.0299364,0.002254,-0.0010078,-0.01936,-0.020462,-0.0023098,-0.0003602,-0.0003372,-0.0085326,0.0134188,0.0125524,-0.00302,-0.0000892,0.0015678,-0.0079124,-0.002902,-0.0057754,0.0037232,-0.0010622,0.0018902
Pashtun_Ghilji,0.084229,0.0421445,-0.07467,0.0421515,-0.0597035,0.0295625,0.0069325,0.002769,-0.020964,-0.020228,-0.003816,-0.0006745,0,-0.013074,0.0080075,0.019159,-0.00163,0.0027875,0.0014455,-0.0110055,-0.004305,0.001237,-0.001294,-0.007531,0.00467
Pashtun_India_Bhopal,0.0631715,-0.0203105,-0.112759,0.0828495,-0.06632,0.047272,0.00235,0.0062305,0.006647,0.0025515,-0.0081195,-0.001124,0.00223,-0.0041285,-0.001493,-0.0013925,0.0012385,-0.0002535,0.002011,-0.0040015,-0.0021835,-0.00068,0.0006775,0.005121,0.001497
Pashtun_Kakakhel,0.0774,0.030466,-0.097297,0.048127,-0.062781,0.035698,0.006815,-0.000692,-0.014317,-0.017859,-0.004222,-0.005995,-0.002825,-0.00289,0.010993,0.014717,-0.007953,0.006588,0.006285,-0.009755,-0.00574,0.004451,0.005176,-0.001928,-0.002515
Pashtun_Khalil,0.079676,0.020311,-0.089755,0.056202,-0.070475,0.046575,0.00658,0.005538,-0.006749,-0.012028,-0.002923,0.002398,-0.001189,-0.013487,0.006107,0.016043,0.004694,-0.008995,-0.001508,-0.006003,-0.003619,-0.002349,-0.002095,0.001325,0.002994
Pashtun_Khattak,0.078058,0.028719,-0.085322,0.060350333,-0.063724667,0.037064333,0.003329,0.0029206667,-0.017197333,-0.012028667,-0.0051636667,-0.00033833333,-0.0027153333,-0.0089383333,0.013635667,0.0095656667,-0.0069546667,0.0018996667,0.0017083333,-0.010809667,-0.0033253333,-0.005154,-0.001037,-0.0010133333,0.0028946667
Pashtun_Khattak_Nowshera,0.0808145,0.036051167,-0.081206667,0.055825167,-0.065448,0.038626333,-0.0008225,0.00088466667,-0.017111833,-0.0151865,-0.004168,0.0019483333,-0.0049056667,-0.0072941667,0.013662333,0.0035356667,-0.006758,0.0032726667,0.0053001667,-0.0124645,-0.0025581667,-0.005379,-0.0017256667,0.0003615,0.0047101667
Pashtun_Mohmand,0.079676,0.025388,-0.075047,0.054264,-0.06832,0.030399,0.004935,0.001846,-0.018407,-0.011663,-0.004384,0,-0.001041,-0.010046,0.008279,0.012066,-0.001695,0.004054,0.007919,-0.014632,-0.01148,-0.006677,0.00037,-0.009881,0.011975
Pashtun_Northeast_Afghanistan,0.082711667,0.026691667,-0.073538667,0.056202,-0.062473,0.037092333,0.00329,0.0023076667,-0.019975,-0.016279667,-0.0023273333,-0.005295,0.0013873333,-0.009817,0.013889,0.010342,-0.0053456667,0.0016046667,0.001341,-0.012172667,-0.0058646667,-0.0057293333,0.001397,0.00016066667,0.00483
Pashtun_Pakistan,0.073985,0.015233,-0.09428,0.058786,-0.072321,0.038208,0.00752,0.005307,-0.014726,-0.013303,-0.009906,0.003447,0.003717,-0.004129,0.010858,0.008618,-0.005998,0.002154,0.00729,-0.009254,-0.006863,-0.006554,0.000616,-0.003253,-0.001197
Pashtun_Pakistan_Kurram,0.074310143,0.007834,-0.095896571,0.067091714,-0.067441143,0.041474857,0.0047335714,0.0057361429,-0.0080347143,-0.0066907143,-0.0028301429,0.00040671429,-0.000084857143,-0.007058,0.008337,0.0098304286,-0.0042094286,0.0020087143,0.001724,-0.011469857,-0.0044562857,-0.0063061429,-0.00010557143,-0.0029607143,0.003336
Pashtun_Pakistan_Syed,0.087644,0.01828,-0.089,0.058463,-0.072321,0.037929,0.002115,-0.001615,-0.014726,-0.009112,-0.002761,0.004046,0.011298,-0.009221,0.008143,0.012596,0.005085,0.004307,0.000251,-0.006128,-0.009109,-0.005812,-0.002588,-0.003976,-0.001796
Pashtun_Safi,0.0828145,0.014725,-0.0843015,0.064476,-0.0658585,0.042252,-0.0010575,0.0028845,-0.012885,-0.0097495,-0.0073075,0.0005245,0.008994,-0.014657,0.009704,0.018894,0.0089315,-0.0052575,-0.0035825,-0.006378,-0.006676,-0.001484,0.003451,0.003253,0.0050895
Pashtun_Shinwari,0.0785375,0.0182795,-0.0812695,0.061047,-0.063858,0.037929,0.0024675,0.004154,-0.01401,-0.0126655,-0.007551,-0.004271,0.006913,-0.014313,0.0095,0.0176345,0.0011085,0.000127,0.0023255,-0.008379,-0.005989,-0.002844,0.000616,0.0031325,0.0079035
Pashtun_Tarkalani,0.081560138,0.024232517,-0.085762517,0.054542448,-0.064436241,0.035640345,0.0032008621,0.0017347586,-0.017180069,-0.015590552,-0.0061651034,-0.0005477931,0.0012507241,-0.0091494828,0.012411448,0.016175931,0.0026977241,0.00095231034,0.0023014828,-0.0097028966,-0.0037735517,-0.0053938276,0.0015469655,-0.0020068621,0.0044058621
Pashtun_Tarkalani_Kakazai,0.083091,0.031481,-0.09692,0.055879,-0.057241,0.037371,0.002585,0.002077,-0.010022,-0.013121,-0.007145,-0.001349,-0.000297,-0.009496,0.011129,0.021745,0.014081,0.000887,-0.002137,-0.004377,-0.00262,-0.00915,-0.004314,0.001205,0.012574
Pashtun_Uthmankhel,0.081879194,0.023324419,-0.083428839,0.055618516,-0.064696935,0.036597548,0.0020240323,0.0015855484,-0.016500419,-0.014525968,-0.0046672581,-0.00082177419,0.0011509032,-0.0068589355,0.011002065,0.012082806,-0.0029568065,0.0010870968,0.0029114194,-0.0097143548,-0.0047174516,-0.0059193548,0.0014432903,-0.0014459355,0.0041640968
Pashtun_Waziri,0.080886,0.016653,-0.092361,0.069303,-0.067366,0.043633,0.00172,0.002289,-0.013652,-0.013606,-0.00589,-0.000903,-0.001905,-0.005968,0.010046,0.009655,-0.005733,0.001408,0.002356,-0.01011,-0.00265,-0.005275,0.003288,-0.004231,0.003221
Pashtun_Yusufzai,0.079848636,0.019510515,-0.089514636,0.05924603,-0.06524297,0.037345939,0.0036745455,0.0028111212,-0.013951,-0.012303758,-0.0049455152,0.00018160606,-0.0010271515,-0.0090413333,0.010479273,0.013628606,-0.00095609091,0.00046063636,0.0014169697,-0.0088451515,-0.0032632121,-0.0059615758,0.0023416667,-0.0035162424,0.0036504545
Pashtun_Zazi,0.083091,0.042652,-0.07203,0.04845,-0.065551,0.024263,0.002115,0.002308,-0.028838,-0.011299,0.00341,0.002548,-0.003568,-0.006055,0.013301,0.012463,-0.009127,0.000633,0.002388,-0.012256,0.005116,-0.007172,-0.005793,-0.015183,0
Piramalai_Kallar,0.036802667,-0.087335667,-0.17913233,0.116604,-0.079297,0.061077,-0.000705,0.013384,0.048881333,0.028064667,-0.002815,-0.0037466667,-0.0021803333,0.0075233333,-0.0085506667,-0.013347333,-0.0048676667,0.0012666667,-0.0011733333,0.0011253333,0.005324,-0.0016076667,-0.0012326667,0.00068266667,-0.0062666667
Pulaya_Kerala,0.035285,-0.09546,-0.172721,0.114343,-0.077245,0.059961,0.000705,0.011999,0.055426,0.027153,-0.006496,-0.003747,0.005352,0.008395,-0.011672,-0.006762,0.014342,-0.002407,-0.001634,0.009755,0.001373,-0.001237,0.00493,0.010604,-0.011376
Pulliyar,0.01479725,-0.1454745,-0.18535475,0.1296855,-0.05554875,0.055081,-0.00464125,0.01828775,0.08170725,0.0570855,0.00008125,-0.0011615,-0.00137525,0.01465675,-0.027687,-0.0178995,0.01437525,0.00161525,0.00260825,0.02519975,0.0048975,0.0141585,-0.00751825,0.00795275,-0.00865175
Punjabi_Arain,0.073036444,0.0098167778,-0.11009839,0.066663611,-0.075706389,0.044808444,0.0025197222,0.0014871111,-0.011737444,-0.0083928889,-0.0059362222,-0.00091583333,0.00022305556,-0.0045339444,0.014280333,0.010459944,-0.0075478333,0.0000915,0.0028911667,-0.010553667,0.0011300556,-0.0054475556,0.0011777222,-0.0039427222,0.00073838889
Punjabi_Arora,0.072619,0.0069056,-0.1071024,0.0699618,-0.0729984,0.0430608,0.002961,0.0005074,-0.0066672,-0.0054308,-0.0055212,-0.003357,0.0014866,-0.0082572,0.0109662,0.007319,-0.0062846,0.0029138,-0.000352,-0.0165328,-0.0069128,-0.0080868,0.000986,-0.005133,0.0040236
Punjabi_Awan,0.07265572,-0.00107722,-0.1073629,0.07510504,-0.07264548,0.04483896,0.00159376,0.00181718,-0.0045626,-0.00395404,-0.00735942,0.00076016,-0.00222008,-0.0074101,0.00939284,0.00981592,-0.00395468,0.00129468,0.00120112,-0.0060055,-0.00445272,-0.00452268,0.0041379,-0.007382,0.00113372
Punjabi_Bania_Gupta,0.044391,-0.055854,-0.150471,0.108852,-0.086478,0.058846,-0.000235,0.01523,0.040291,0.018406,-0.011854,-0.00015,0,-0.006331,0,-0.002652,-0.006389,-0.001267,-0.005405,-0.002251,-0.003494,-0.001237,-0.000246,0.003494,0.001437
Punjabi_Brahmin,0.068294,-0.00914,-0.108611,0.084949,-0.070475,0.055778,0.000705,0.005769,0.000409,-0.005103,-0.006333,0.003747,-0.00773,-0.011423,0.005429,0.015778,0.007041,0.002027,0.005154,-0.00963,0.000873,-0.001978,0.00419,0.001807,-0.000359
Punjabi_Brahmin_Doaba,0.064879,-0.0162485,-0.1091765,0.078166,-0.0720135,0.0471325,-0.0010575,0.009692,-0.0005115,0.000547,-0.0086875,-0.0015735,-0.001561,-0.001307,-0.00095,-0.004641,0.00515,0.000887,-0.002451,-0.00519,-0.006676,-0.0034005,0.0028345,0.0003615,-0.000239
Punjabi_Brahmin_Potohar,0.068294,-0.017264,-0.108611,0.081396,-0.074783,0.047411,0.001175,0.006231,0.001023,-0.002916,-0.005034,0.001349,0,-0.00812,0.011401,0.004773,-0.001434,0.001014,0.001257,-0.010755,-0.003494,-0.003215,-0.004314,-0.007712,0.003233
Punjabi_Chuhra_Christian_India,0.039269,-0.0919055,-0.17423,0.1222565,-0.070475,0.0626105,-0.000235,0.0098075,0.052767,0.0336225,-0.005765,0.002473,0.001115,0.001101,-0.007668,-0.0092815,-0.00352,-0.001457,-0.00088,-0.0013135,0.0061765,0.003091,0.0028345,-0.002892,-0.004012
Punjabi_Gujar,0.071159937,0.0035363125,-0.12180275,0.079106312,-0.078976,0.051518812,0.00338975,0.0061295625,-0.00571875,-0.0076328125,-0.00558225,0.000038375,-0.0009159375,-0.006958875,0.009582125,0.011846125,-0.002800375,0.000584125,0.001342625,-0.010796875,-0.0020785625,-0.0049468125,0.0018291875,-0.00379475,0.00196075
Punjabi_Hindu_India,0.072146346,-0.0099599615,-0.10907485,0.082750115,-0.068995038,0.048494846,0.0016178846,0.0051122692,0.0021867692,-0.0036097308,-0.0064643077,0.00027665385,0.00011446154,-0.0070187692,0.0081484231,0.0074046154,-0.0015746923,-0.00017538462,-0.00055123077,-0.0077056538,-0.0019532308,-0.0033529231,0.0034935,0.00065330769,-0.00066776923
Punjabi_Jatt_Muslim,0.072033714,0.0039171429,-0.10236143,0.079181143,-0.072892571,0.049204286,0.0031892857,0.0052417143,-0.0023374286,-0.0059097143,-0.0059851429,0.00015,0.00021228571,-0.0081,0.012525,0.013922,-0.0015272857,-0.00088685714,0.0035195714,-0.011416143,-0.00048128571,-0.0077371429,0.0014435714,-0.0012738571,0.0021725714
Punjabi_Jatt_Sikh,0.076302179,0.0054764643,-0.098280357,0.080773071,-0.069672286,0.048985107,0.0024675,0.0038075357,0.00086192857,-0.0082786786,-0.0053414286,-0.00055132143,-0.0011733214,-0.00771675,0.012369893,0.009054,-0.0048055,0.00097732143,0.0030841786,-0.0096340714,-0.0010339286,-0.0056086071,0.0013645714,-0.0016396429,0.0027884286
Punhabi_Jatt_Sikh,0.073985,0.00914,-0.092395,0.08398,-0.068013,0.053826,0.00141,0.00923,0.00859,-0.000364,-0.004709,0.006444,-0.004311,-0.009221,0.017644,-0.006895,-0.022035,0.003041,-0.005279,-0.001751,-0.010981,0.001113,-0.001972,0.005784,-0.001317
Punjabi_Kamboj,0.075433727,0.013571455,-0.098737,0.064805545,-0.066753636,0.042366,0.0027559091,0.0033984545,-0.0079763636,-0.0081010909,-0.0037643636,0.00024518182,-0.00058109091,-0.0074691818,0.0084146364,0.010113,-0.0043264545,-0.00097881818,0.0013826364,-0.0090496364,-0.0020985455,-0.0043840909,0.0019719091,-0.0010296364,0.0023732727
Punjabi_Khatri,0.073732056,0.0060368333,-0.1049025,0.071024111,-0.072731444,0.045769056,0.0033944444,0.0043460556,-0.0087604444,-0.0091827222,-0.0058911667,0.00070772222,0.00017344444,-0.0087772778,0.010299667,0.011373111,-0.0027453889,0.00071088889,0.000013888889,-0.012367111,-0.0020035,-0.0072131667,0.0022184444,-0.0021890556,0.0011375
Punjabi_Lahore,0.058346167,-0.040949073,-0.13454176,0.094773948,-0.071583802,0.054592865,0.00022763542,0.0095236667,0.021926688,0.011310042,-0.0052725417,0.00056517708,-0.00012235417,-0.0020873021,0.002276125,0.0025965208,-0.00036397917,0.00031934375,0.00036919792,-0.0039432917,-0.00028595833,-0.002610875,0.0010630312,-0.000077833333,-0.0014694062
Punjabi_Lohar_Muslim_India,0.072847,-0.014217,-0.116907,0.083657,-0.071398,0.051037,-0.00282,0.006461,0.0045,-0.00328,-0.002273,-0.002847,0.012785,-0.005092,0.009093,0.006232,-0.005215,0,-0.007793,-0.003502,-0.004617,-0.002968,0.006532,-0.005061,0.005748
Punjabi_Mughal,0.068294,-0.011171,-0.110119,0.088825,-0.068013,0.054663,0.005875,0.006231,0.015544,0.003645,-0.009094,-0.003747,0.00223,-0.002477,0.006515,0.014717,-0.001304,0.008995,0.008296,-0.006253,-0.001996,-0.008408,-0.010353,0.004699,-0.001916
Punjabi_Muslim_India,0.064879,-0.0137095,-0.1176615,0.069122,-0.06355,0.0449015,-0.0017625,0.004615,0.008488,0.010661,-0.006252,0.0045705,-0.004014,-0.001996,0.004886,0.00537,0.003716,0.0029775,0.0011315,-0.0036895,-0.0001245,-0.0041425,0.0038825,-0.001265,-0.0002395
Punjabi_Nai,0.063741,-0.015233,-0.118793,0.082042,-0.079399,0.054663,0.00235,0.007384,0.009408,0.006378,-0.010718,0.000599,-0.003271,-0.007432,0.013029,0.019093,0.01004,-0.001394,-0.004148,-0.008629,0.005241,-0.008903,0.003204,0.001325,0.005389
Punjabi_Rajput,0.070570333,-0.0055856667,-0.1091135,0.079673333,-0.066986833,0.047086167,0.0027025,0.0066536667,0.0045336667,-0.0018833333,-0.0057648333,0.0017233333,-0.0008175,-0.010597,0.0086636667,0.011159667,0.0043026667,0.00042233333,-0.0012778333,-0.0072533333,0.0044505,-0.0039775,0.000061666667,-0.0021488333,0.0022551667
Punjabi_Rajput_Potohar,0.068781643,0.00043521429,-0.11483329,0.076874,-0.074958929,0.050060857,0.0014267857,0.0051097143,-0.00099342857,-0.0058575714,-0.0011133571,-0.0013593571,0.00021235714,-0.0094270714,0.0113715,0.011762643,-0.002645,-0.000045428571,0.00089778571,-0.014471214,-0.0017022143,-0.0057763571,0.000096928571,-0.0068854286,0.0014625714
Punjabi_Ramgarhia_Tarkhan_Sikh,0.071139333,-0.00913975,-0.1098365,0.083280167,-0.071346583,0.050409583,0.0019583333,0.0065574167,0.0048404167,-0.0010175,-0.0061436667,-0.00052458333,-0.00035925,-0.0037388333,0.006752,0.00712675,-0.0020209167,-0.00020058333,0.00065991667,-0.0080350833,-0.0022044167,-0.0048946667,0.00209525,0.0010644167,-0.0002595
Punjabi_Saini_Sikh,0.069096857,-0.010472143,-0.12305157,0.082082143,-0.073585857,0.048556857,0.0021284286,0.0075178571,0.0031068571,-0.000040428571,-0.0056591429,0.00076042857,-0.0023632857,-0.0030814286,0.004145,0.0045705714,-0.0011431429,0.00049971429,0.000725,-0.0059395714,-0.0014418571,-0.0018845714,0.00064885714,-0.001769,0.001245
Punjabi_Sikh_India,0.072749894,0.00075629787,-0.10378043,0.080722511,-0.070121,0.047708064,0.0016350213,0.0043991489,-0.0008442766,-0.0054166809,-0.0057630426,-0.00017219149,-0.00034793617,-0.0070803617,0.010372532,0.0084885957,-0.0039448085,0.0010835319,0.00077291489,-0.010388064,-0.0022964681,-0.005469617,0.00085746809,-0.00071785106,0.000428
Punjabi_Syed,0.0626025,-0.019295,-0.1142675,0.069768,-0.0697055,0.042252,0.002585,0.003115,0.0111465,0.008474,-0.0060085,-0.00015,0.000297,-0.008395,0.009297,0.008088,-0.0059975,-0.0017105,0.0022625,-0.0059405,-0.006551,-0.001422,-0.0000615,-0.0033735,0.000479
Punjabi_Tarkhan_Muslim,0.075123,-0.007109,-0.11389,0.080104,-0.074783,0.043228,0.010105,0.006461,-0.003272,-0.011845,-0.003085,-0.003297,0.003717,-0.009496,0.003122,0.015248,0.002738,-0.00152,0.000377,-0.001751,-0.006114,-0.001607,0.007025,-0.006627,0.008502
Qizilbash,0.073985,0.054839,-0.068259,0.005168,-0.053548,0.009482,0.000705,0.000923,-0.015953,-0.009659,0.001949,-0.000899,0.002081,-0.003853,0.007465,0.013657,-0.01004,0.003167,0.007165,-0.010255,-0.000374,-0.005688,0.003574,-0.008435,0.007424
Rai,0.0213988,-0.408446,-0.007995,-0.0306204,0.0214196,0.0175698,0.0094472,0.0065076,0.0101442,0.0196086,-0.0758354,-0.0091718,0.0079086,-0.003578,-0.0123508,-0.0038718,0.0034684,-0.0036994,-0.0067122,0.0045522,0.0026452,0.025126,0.0047574,0.0011566,0.0364038
Rajasthani_Brahmin,0.069723333,-0.010352833,-0.108366,0.087980167,-0.067770667,0.051430167,0.00112,0.0062281667,0.0089025,-0.00194,-0.0038596667,0.000016666667,-0.0013045,-0.0049758333,0.0075275,0.0063631667,-0.0033423333,0.00024566667,-0.000058166667,-0.0087263333,-0.00079883333,-0.0034838333,0.0020701667,-0.0016396667,0.00058466667
Rajasthani_Brahmin_Pareek,0.078538,0.001016,-0.097297,0.081073,-0.065858,0.058846,0.012456,0.008077,-0.002045,-0.02278,-0.001786,0.001049,-0.001338,-0.008808,0.019272,0.00358,-0.004563,-0.002407,0.00352,-0.010755,-0.001373,-0.005935,0.001725,-0.002289,0.003832
Rajasthani_Jatt,0.0823035,0.0201865,-0.077935,0.081888,-0.056328,0.0451835,0.0009465,0.003455,-0.00425,-0.006876,-0.0024505,-0.002841,-0.002014,-0.0035315,0.0103275,0.005392,-0.0048115,0.002571,0.0038435,-0.001097,-0.0018815,-0.006526,0.0034435,0.0018775,0.005341
Rajasthani_Meghwal,0.052496,-0.050827667,-0.145283,0.10758667,-0.074217,0.060361,0.00026166667,0.012884333,0.031147333,0.017922,-0.0062396667,-0.0015646667,-0.0013016667,0.00028766667,-0.00040466667,-0.006139,-0.0024403333,-0.00069566667,-0.0017703333,-0.0044256667,0.00035766667,-0.0024286667,0.000544,0.00021433333,-0.00012766667
Rajasthani_Rajput,0.0671554,-0.0067026,-0.1208294,0.0826234,-0.0780452,0.0495868,0.002021,0.0070612,0.0015134,-0.00441,-0.0062032,0.00021,0.001219,-0.0070462,0.0099892,0.01546,0.0008082,-0.0014952,0.0014078,-0.0126562,-0.000624,-0.0094468,0.0016516,-0.0049402,0.0026822
Relli,0.0318705,-0.1147545,-0.1693275,0.1119205,-0.0590875,0.065121,0,0.0114225,0.059823,0.037905,0.000893,0.0003745,-0.0019325,0.0111475,-0.0126895,-0.0200875,-0.0012385,0.0010135,0.002828,0.006378,0.0016845,0.0087795,0.001294,0.00241,-0.0005985
Ror,0.084015812,0.01789875,-0.074811375,0.084908625,-0.059991875,0.045180313,0.0017184375,0.0047449375,-0.00360475,-0.011970625,-0.00592725,0.0003185625,-0.0001579375,-0.010536625,0.011561687,0.010292312,-0.0045878125,0.000079125,0.0007306875,-0.007691125,-0.0039226875,-0.00283625,0.0028193125,0.0016115625,0.000920625
Saidu_Sharif_HP,0.0676109,-0.0109677,-0.1110622,0.078166,-0.0753372,0.0436742,0.001316,0.0044074,-0.0055835,-0.0054853,-0.0055536,0.0018881,-0.0020367,-0.0070463,0.0080075,0.0084326,-0.0006518,-0.001609,0.000528,-0.0070409,-0.000187,-0.0048472,0.0012448,-0.0046993,0.0000719
Sakilli,0.026938,-0.10392267,-0.18378333,0.12360233,-0.072526333,0.065632333,-0.0018016667,0.016999,0.059312,0.040274333,-0.00249,-0.0011986667,-0.000446,0.0075693333,-0.01131,-0.012242333,0.0088663333,0.00076,0.0015086667,0.0040853333,0.0035356667,0.0023496667,-0.00078066667,0.00245,-0.010697333
Saliya_Kerala,0.044391,-0.075149,-0.164425,0.105299,-0.074783,0.058009,-0.00094,0.016845,0.036405,0.024055,0.001137,0.004346,0.000446,0.002064,-0.001493,-0.003182,-0.002608,0.0019,-0.002011,-0.000125,0.008235,0.000124,0.003697,-0.005422,0.005029
Santhal_Bangladesh,0.0104717,-0.2093005,-0.1739657,0.1129864,-0.0168339,0.0677424,-0.0055225,0.0107996,0.0742012,0.0478007,0.0174731,0.0026076,-0.0047422,0.011932,-0.0206701,-0.0212011,0.0138337,-0.0017357,-0.0040978,0.0249868,0.0017593,0.0152711,-0.0058911,0.0077721,0.0005988
Santhal_India,0.0091058095,-0.21529224,-0.17674395,0.11725,-0.015284905,0.068912571,-0.0072962857,0.011417286,0.080572714,0.05035781,0.018783,0.0040606667,-0.0048986667,0.012884143,-0.019996143,-0.025684476,0.011188143,-0.003137,-0.0039865714,0.025952952,0.00047528571,0.016663667,-0.0067551905,0.0089225238,0.0047727143
Saraiki_Jatt,0.071709,0.003047,-0.115399,0.081396,-0.07663,0.044623,0.0047,0.000923,0.001227,-0.006014,-0.006171,0.000749,0.001933,-0.021744,0.002036,0.018828,0.008736,0.00038,0.005154,-0.005878,0.001373,-0.018053,0.002835,-0.007953,0.007903
Savara,0.004553,-0.242712,-0.159522,0.101745,0.010463,0.059404,-0.0047,0.008307,0.075674,0.046106,0.028256,0.001948,-0.002081,0.019405,-0.020222,-0.031954,0.011865,-0.006081,-0.008925,0.032766,0.001373,0.018548,-0.005793,0.009158,0.012334
Sherpa_Khumbu,0.0204885,-0.4092585,-0.00132,-0.031977,0.0113865,0.0071115,0.00846,0.0089995,0.0072605,0.015581,-0.0852535,-0.012589,0.009217,-0.007225,-0.009161,-0.0053035,0.001434,-0.005194,-0.0110615,0.006878,-0.000624,0.02776,0.005423,0.00247,0.045026
Sherpa_Rolwaling_Himal,0.0220058,-0.40465457,-0.0030797333,-0.033516633,0.0136024,0.0055872,0.0053503333,0.0068074667,0.0035383667,0.0141475,-0.0799222,-0.012374,0.010941267,-0.0030597,-0.010459533,-0.0043665667,0.0053197333,-0.001668,-0.0091299333,0.0048105667,-0.000020833333,0.025583767,0.0023211,-0.00028523333,0.036962767
Sherpa_West_Bengal,0.02048825,-0.41179725,-0.00132,-0.03092725,0.0150795,0.00773925,0.00593375,0.0080765,0.006596,0.01248325,-0.085254,-0.0095165,0.013342,-0.0053675,-0.00766825,-0.0065965,-0.0047915,-0.00532075,-0.005845,0.0091915,0.0019655,0.02204125,0.00474475,-0.003675,0.033859
Sindhi,0.0649973,0.0038367,-0.11478005,0.0720811,-0.07660825,0.0459889,0.0030752,0.0054557,-0.00574905,-0.0079284,-0.0099395,-0.00228575,0.00143225,-0.0092401,0.01062565,0.01689045,-0.00400555,0.0008005,0.0030809,-0.0145884,-0.00372815,-0.00323545,0.00112205,-0.00655245,0.0124852
Sindhi_Hindu,0.075123,0.011171,-0.112005,0.072675,-0.078784,0.050479,0.00658,0,-0.010635,-0.011299,-0.006333,-0.013638,0.003419,0.005092,0.00855,0.004906,-0.009518,0.008868,0.005279,-0.020635,-0.003369,-0.008779,-0.005423,-0.011086,0.004191
Singoor_Medieval,0.083091,0.020311,-0.065619,0.060724,-0.051394,0.029841,0,0.007846,-0.027815,-0.018406,-0.006658,0.004496,-0.004608,-0.018441,0.017236,0.021214,0.001043,-0.00114,0.008673,-0.004377,-0.004118,-0.012736,0.006409,-0.00012,0.003832
Sinhalese,0.033534,-0.094756692,-0.17472308,0.11570954,-0.075090769,0.061119923,-0.00068692308,0.012887077,0.051335462,0.031807231,-0.0033726923,0.00057638462,-0.00046884615,0.0055471538,-0.0088948462,-0.0067926923,0.0015245385,0.00027284615,-0.000077307692,0.0048773077,0.0025916923,0.00017130769,-0.0016967692,0.00057453846,-0.0046149231
Sri_Lankan,0.037019571,-0.085691381,-0.17117681,0.11026695,-0.073127143,0.062006619,-0.0013092857,0.011439048,0.046456143,0.029574286,-0.0036422381,0.00049247619,-0.0016847619,0.0048036667,-0.0071995714,-0.0082333333,0.00027938095,0.0013211905,0.00088004762,0.0010182857,0.0037790476,0.001001,0.0012617143,0.00044190476,-0.0033016667
Tajik_Kapisa,0.094473,0.034528,-0.079572,0.046835,-0.070167,0.029841,0.00376,-0.003231,-0.037837,-0.018953,0.003248,0.002398,-0.00223,-0.007294,0.012622,0.015911,-0.005607,0.001014,0.003897,-0.001751,-0.004866,-0.007172,0.008381,-0.00494,0.00455
Tajik_Panjshir,0.093335,0.034528,-0.086361,0.040698,-0.070475,0.029841,0.011751,-0.004384,-0.033337,-0.016219,-0.001137,-0.002098,-0.004014,-0.006468,0.010993,0.021877,-0.004694,0.006081,0.00352,-0.004002,0.003369,-0.00915,0.005669,0.007591,-0.003113
Tamang_Tashinam,0.019246455,-0.39891827,-0.014776182,-0.021406091,0.013624818,0.012169909,0.0048068182,0.0053913636,0.0087388182,0.015208364,-0.078197545,-0.0091961818,0.010514182,-0.0017265455,-0.012276636,-0.0062678182,0.005251,-0.0041808182,-0.0096788182,0.0060710909,-0.001089,0.027698364,0.0084257273,0.0027274545,0.038047727
Tamil_Brahmin_Iyengar,0.047806,-0.050776,-0.145569,0.104006,-0.075706,0.056894,-0.00376,0.010153,0.025361,0.014579,-0.001299,-0.000599,0.003419,-0.007156,0.0019,0.008618,0.008084,0.002154,-0.000754,0.002251,0,-0.001855,0.002711,0.003856,-0.000958
Tamil_Nadu_Brahmin,0.05499075,-0.044746688,-0.14153806,0.10162425,-0.07639875,0.0549415,-0.0003819375,0.00649,0.02654975,0.018793062,-0.0035928125,-0.0008804375,-0.0038000625,0.0028815,0.000950125,0.0002735,-0.0009941875,0.0018845,0.00029075,-0.0021650625,0.0030104375,-0.0001778125,0.0038361875,-0.0019355625,-0.0013396875
Tamil_Nadu_Brahmin_Iyer,0.053070083,-0.045868042,-0.14341583,0.10054746,-0.072385292,0.057521083,0.00094,0.010230375,0.029425917,0.016294917,-0.0030109167,-0.0010490833,-0.00043358333,-0.0010551667,0.0016908333,0.0028120417,0.0022545417,-0.00046454167,0.000329875,-0.0029180833,0.0010605833,-0.00210725,0.00011808333,0.00083845833,-0.0018809167
Tamil_Nadu_Dalit,0.025916615,-0.11373938,-0.18940162,0.128555,-0.076085154,0.065646538,-0.0016450769,0.015318846,0.067602923,0.046652385,-0.0049964615,0.0020174615,-0.0024129231,0.011983769,-0.012079231,-0.0098218462,0.0086152308,0.00024369231,-0.0014213846,0.0064741538,0.0052696154,0.0023779231,-0.0013556154,0.0075265385,-0.0028278462
Tamil_Nadu_Vanniyar,0.04173,-0.07026,-0.16954,0.10871,-0.08296,0.05956,-0.00105,0.0113,0.03774,0.02145,-0.00471,-0.00026,-0.00312,0.00247,-0.00315,-0.00297,0.0022,0.00389,0.00443,-0.00492,0.00529,-0.00086,0.00142,0.00155,-0.0054
Tamil_Pillai,0.036423,-0.07718,-0.169327,0.109175,-0.077245,0.061914,-0.001175,0.016153,0.050313,0.028976,-0.001949,-0.003447,-0.00223,0.01101,-0.0076,-0.013392,-0.013299,0.000633,-0.005656,-0.007504,0.005116,0.003833,0.001479,-0.005543,0.003592
Tamil_Sri_Lanka,0.037573101,-0.087345788,-0.17302983,0.11267245,-0.075522939,0.061257323,-0.0026253737,0.013318788,0.047916394,0.030440808,-0.0034298081,0.0003209697,-0.0012447778,0.0049419293,-0.0067737071,-0.0053223535,0.0031225859,0.000055010101,0.000020282828,0.0025959192,0.004218596,0.00013990909,-0.00085648485,0.00023853535,-0.0046422727
Telugu,0.041738835,-0.080009854,-0.17245398,0.11122562,-0.07867932,0.063045505,-0.0010517961,0.012841922,0.042957942,0.027395573,-0.004400233,0.00068675728,-0.00080104854,0.0039576699,-0.0052918155,-0.0032413592,0.0034305146,0.000093533981,-0.00018302913,0.0010927864,0.0034817087,-0.0005858932,0.00029196117,0.00053576699,-0.0032680874
Telugu_Balija,0.045529,-0.084289,-0.168196,0.106591,-0.084323,0.062193,-0.00188,0.016615,0.044177,0.026242,-0.00747,-0.002398,-0.004162,0.00234,-0.007736,0.004375,0.004042,0.004561,-0.002388,0.002626,0.016845,0.002844,0.002218,0.003976,-0.00455
Telugu_Brahmin,0.059188,-0.035544,-0.131992,0.089471,-0.066474,0.054663,-0.00094,0.008538,0.023929,0.005832,-0.006008,-0.001349,-0.000743,-0.00055,-0.003664,-0.001193,-0.001173,0.005954,0.000126,-0.003252,0.002496,-0.00915,0.001972,-0.001325,-0.000958
Telugu_Brahmin_Niyogi,0.052359,-0.040621,-0.1467,0.094962,-0.071398,0.064982,-0.000235,0.008769,0.026179,0.016219,-0.012179,-0.002248,-0.005203,0.002477,0.003393,-0.020551,-0.02047,0.011149,0.000628,-0.006003,0.003619,0.004081,0.007641,0.002169,-0.007185
Telugu_Brahmin_Vaidiki,0.0552045,-0.0436675,-0.143494,0.101422,-0.072629,0.061077,0.001175,0.0073845,0.031701,0.01385,-0.006658,-0.0007495,-0.0029735,-0.0077755,0.000475,0.0047065,0.005085,-0.0034205,-0.0035825,-0.0035015,0.003182,-0.004142,-0.001109,0.00241,-0.006526
Telugu_Kamma,0.04743125,-0.0687575,-0.16764675,0.10283775,-0.08177675,0.05982375,0.00080875,0.01311875,0.035096,0.024521,-0.007899,-0.0022365,0.00017975,0.00650175,0.00147675,-0.00318175,-0.00310225,-0.00111,-0.00004425,0.001069,-0.001783,-0.0027405,0.00377475,-0.00090375,-0.00381875
Telugu_Mala_Andhra_Pradesh,0.025285143,-0.12425721,-0.18433107,0.13173886,-0.067463214,0.068467643,-0.0032396429,0.0163015,0.0679165,0.046613357,-0.003526,-0.00095271429,-0.000010642857,0.009437,-0.017110357,-0.014158714,0.0039765,-0.0022803571,-0.0034477143,0.0073965714,0.0087345,0.0055467857,0.0018135,0.0071437143,-0.0079718571
Telugu_Reddy,0.042114667,-0.060254667,-0.16970433,0.10271433,-0.080938,0.060798333,-0.0013316667,0.005615,0.02952,0.024905333,-0.0081193333,-0.0005,-0.000793,0.006468,-0.002443,-0.0034916667,-0.00339,0.000929,-0.00016766667,-0.0067533333,0.007778,-0.00441,-0.001068,-0.002932,-0.00004
Telugu_Yadav,0.0386995,-0.0903825,-0.1719675,0.1148275,-0.071244,0.058149,-0.0027025,0.0141915,0.045711,0.0305245,-0.0052775,0.00045,-0.0055,0.0050235,-0.003597,-0.010342,0.0029335,-0.003421,-0.0039595,0.006253,0.0038055,-0.0029675,0.001602,0.002289,-0.0034725
Tharu,0.02177487,-0.30002278,-0.076096348,0.033704348,-0.0093526957,0.035079565,0.0025747826,0.0086986087,0.031594565,0.028571522,-0.046845609,-0.0048022174,0.005674913,0.0024054348,-0.013825913,-0.011604478,0.003390087,-0.0017681304,-0.0049896957,0.0080038261,0.0031574348,0.01784887,0.0056373043,0.0015768261,0.019154652
Toda,0.039838,-0.048238,-0.1631045,0.104168,-0.0854005,0.0499215,0.00094,0.0102685,0.028838,0.019499,0.0031665,-0.0002995,-0.003791,0.002408,-0.0031895,0.0062315,0.0004565,-0.0008865,0.005594,-0.0008755,0.004804,-0.010325,-0.003944,-0.0072295,-0.006706
Tripuri,0.019110263,-0.36190268,-0.052340474,-0.007531,0.037432,0.034699842,0.0018057895,0.0028541579,0.010204684,0.011164526,-0.027375421,-0.0036598947,0.0049761053,0.00066636842,-0.0088504211,-0.0054291579,0.004831,-0.0026471579,-0.0078198421,0.0075102105,-0.0023971579,0.022725947,0.0022767368,0.0038114737,0.035647579
Tripuri_Jamatia,0.019223389,-0.36412378,-0.051162722,-0.0090260556,0.040588611,0.035605167,0.0022455556,0.0012819444,0.0099307222,0.011551778,-0.0295185,-0.0035218889,0.0055913333,0.0010167778,-0.0068915,-0.0056056111,0.0037015556,-0.0021255556,-0.0074021667,0.0091501111,-0.0038751111,0.023720778,0.0020609444,0.0012451111,0.034328333
Tripuri_Reang,0.0223094,-0.3742226,-0.046763,-0.0114988,0.0447775,0.0327418,0.0016215,0.0015,0.0088354,0.0102417,-0.0310486,-0.0049156,0.0032409,0.00267,-0.0086046,-0.0070006,0.003351,-0.0048903,-0.0078561,0.0083165,-0.0014224,0.022072,0.0008258,0.0054584,0.0361764
Tulu_Brahmin_Karnataka,0.056912,-0.043668,-0.141043,0.089148,-0.076937,0.071396,0.00376,0.008538,0.021884,0.012392,-0.011042,0.003897,-0.001041,-0.00234,-0.004479,-0.001724,-0.001043,0.003801,0.001257,0.002751,0.005366,-0.013231,-0.001232,0.000602,-0.001676
Tulu_Bunt,0.0426835,-0.0538235,-0.1576365,0.103522,-0.07386,0.053826,0.00047,0.017076,0.0365075,0.0204105,-0.004547,-0.0060695,-0.0053515,0.000344,-0.004275,0.0025855,-0.0000655,-0.0002535,-0.0060335,-0.000938,0.0056155,0.001484,0.000801,0.0013255,-0.0005985
Udegram_IA,0.069081846,0.0057024615,-0.10811746,0.068426308,-0.080393692,0.042048231,2.0850042e-20,0.0042423846,-0.019886,-0.015700308,-0.003685,0.00051892308,-0.00033169231,-0.010671077,0.012016615,0.013595462,0.00041115385,-0.0014421538,-0.0012086154,-0.010235692,-0.0028027692,-0.0048130769,0.0038300769,-0.0047365385,0.003445
Udegram_Medieval_Ghaznavid,0.082332,0.037236333,-0.074293,0.045004667,-0.060729333,0.036162667,0.002115,-0.0019996667,-0.015748333,-0.017069333,-0.002544,-0.003147,-0.002874,-0.005413,0.011400667,0.014673333,0.0087356667,0.000718,0.0048603333,-0.0059193333,-0.005199,-0.000577,0.003533,-0.001446,0.000958
Uttar_Pradeshi_Bania_Gupta,0.047806,-0.069056,-0.16895,0.13017,-0.079707,0.06526,0.001645,0.020076,0.05788,0.040639,-0.000162,0.008243,0.005203,0.005643,-0.015472,-0.021877,-0.011213,0.0019,0.012821,0.01038,0.016346,0.000989,0.021075,0.010604,-0.018441
Bhumihar_Bihar:BB001,0.067156,-0.027419,-0.117285,0.098515,-0.06155,0.048527,-0.00564,0.006923,0.016157,0.008747,-0.013316,0.001649,0.005054,-0.00578,0.001221,0.013789,0.013821,-0.000887,-0.002765,0.001376,-0.002121,-0.003091,-0.001232,0.006025,-0.002515
Bhumihar_Bihar:BB002,0.068294,-0.026404,-0.116907,0.102391,-0.066474,0.051874,0.00188,0.002538,0.021066,0.012392,-0.001624,0.000749,0.001635,-0.015414,0.00285,0.006364,0.007562,-0.00152,-0.005405,0.001876,-0.004866,0.000742,-0.000246,0.001687,-0.001437
Bhumihar_Bihar:BB003,0.063741,-0.032497,-0.112382,0.098838,-0.067705,0.060519,0.002585,0.008769,0.019225,0.006378,-0.004384,-0.00015,-0.002527,-0.008533,0.004207,-0.004243,-0.000782,-0.002914,-0.003897,-0.004127,-0.004492,0.007419,0.002958,0.005302,-0.000239
Bhumihar_Bihar:BB004,0.068294,-0.027419,-0.113513,0.094639,-0.063396,0.055778,-0.00376,0.008077,0.024134,0.011845,-0.003897,0.001349,-0.005203,-0.000963,0.002443,-0.003713,0.001434,0.000887,0.000251,0.004252,-0.002496,0.001237,0.000616,-0.004699,-0.008861
Bhumihar_Bihar_Private,0.066431,-0.026158,-0.121521,0.09662,-0.06786,0.056316,-0.00218,0.006055,0.020777,0.010585,-0.007395,-8.5E-05,-0.002084,0.000498,0.000944,-0.000166,-0.001192,0.000307,0.000354,-0.00169,0.001933,-0.000916,0.002707,-0.002261,0.00201
Marathi_Deshastha_Brahmin,0.057401,-0.04665,-0.14035,0.105453,-0.078557,0.058184,0.002118,0.013,0.026669,0.013183,-0.008143,-0.001136,0.000243,-0.004516,-0.000205,0.001076,-0.001663,-3E-06,-0.001213,-0.004826,0.000989,0.000655,0.002214,-0.001394,0.002031
Marathi_Chitpavan_Brahmin,0.05805,-0.037575,-0.14142,0.103037,-0.075091,0.056615,-0.003525,0.013846,0.027611,0.010934,-0.007795,0.000599,-0.004162,-0.00234,0,0.000928,-0.00352,-0.00038,0.000754,-0.008379,0.005989,0.000124,-0.003697,0.00241,-0.005149
Awadh_Brahmin_001,0.061464,-0.023357,-0.121056,0.0969,-0.066474,0.056615,0.00611,0.01223,0.014317,0.004374,-0.000812,-0.003447,-0.000595,-0.000413,0.00475,0.001989,0.000522,0.0019,-0.000251,-0.001376,-0.00262,-0.004204,0.008258,0.005422,0.003113
Awadh_Brahmin_002,0.064879,-0.017264,-0.115776,0.099161,-0.064012,0.059125,0.00423,0.017538,0.008181,0.005285,-0.010555,0.00045,-0.000892,-0.004129,0.005836,0.002652,0.00352,-0.002534,0.001508,0.002251,-0.000374,0.000124,0.005423,0.001325,-0.002155
Braj_Brahmin_001,0.063741,-0.017264,-0.112382,0.0969,-0.063396,0.056336,-0.00094,0.008769,0.011453,0.01221,-0.005521,0.000599,0.005649,-0.003165,0.006243,0.000265,-0.022035,-0.000887,0.00817,-0.003752,0.005116,0.005317,0,-0.001084,-0.002874
West_UP_Brahmin_Gaur,0.0692,-0.0152,-0.1115,0.1019,-0.0626,0.0533,0.0009,0.0073,0.0127,0.0055,-0.0055,0.0011,-0.0025,-0.0092,0.0082,0.0143,0.0072,0.0005,-0.0008,-0.009,0.0054,-0.0009,0.0042,0.0016,-0.0086
East_UP_Brahmin_001,0.07057,-0.019295,-0.120301,0.106268,-0.070782,0.063308,0.006815,0.010384,0.014112,0.007472,-0.008931,-0.001499,0.002676,-0.009358,0.010586,0.018165,0.011604,0.00228,-0.000377,-0.009129,0.007736,-0.001731,0.007025,-0.00012,-0.010418
East_UP_Brahmin_002,0.05805,-0.03859,-0.132369,0.119834,-0.070782,0.068886,-0.006815,0.007846,0.032724,0.01385,0.001137,0.009442,-0.014271,-0.019405,0.020494,0.014187,0.035725,0.005321,0.002388,0.005253,-0.013227,-0.021516,-0.001479,0.020485,-0.010418
East_UP_Brahmin_003,0.066017,-0.027419,-0.123318,0.106591,-0.077553,0.060798,0.00517,0.007846,0.026179,0.009476,-0.015752,0.001798,-0.007879,0.001927,0.011265,-0.02612,-0.025425,0.00266,-0.012318,-0.019885,0.011605,0.006059,0.006039,0.006025,-0.016286
East_UP_Brahmin_004,0.069432,-0.026404,-0.109742,0.097869,-0.067705,0.055778,0.003055,0.010153,0.020248,0.007472,-0.005846,-0.004496,0.000595,-0.003853,0.001629,0.011933,0.009779,0.001267,0.002011,0.005628,0.002745,0.000989,0.003328,0.004699,0.003233
East_UP_Brahmin_005,0.071709,-0.035544,-0.12973,0.115312,-0.071398,0.061356,0.00094,0.003,0.026997,0.005649,-0.010068,-0.000899,-0.005649,0.003716,0.008686,-0.023734,-0.044331,0.006334,-0.003897,-0.012131,0.000374,0.000742,-0.001602,-0.022413,-0.000958
East_UP_Brahmin_006,0.067156,-0.027419,-0.133878,0.101422,-0.076937,0.059125,0,0.009,0.025565,0.011299,-0.004709,0.003597,0.006095,0.01101,0.007465,0.004508,-0.014603,-0.006334,-0.013324,-0.004002,-0.019341,0.000495,0.00037,0.008796,-0.003233
East_UP_Brahmin_007,0.076261,-0.025388,-0.106348,0.091409,-0.062473,0.055499,-0.002115,0.003461,0.017385,0.00656,-0.005684,0.008692,-0.001041,0.001789,0.0038,-0.001989,-0.002608,0.00114,0.00088,5e-04,0.004492,0.002102,0.002342,0.007109,-0.001317
East_UP_Brahmin_008,0.068294,-0.02945,-0.121056,0.109175,-0.066782,0.058567,-0.000705,0.009692,0.02802,0.015126,-0.003248,0.004196,-0.004014,-0.022708,-0.000407,0.013789,0.023208,-0.001394,-0.007919,-0.001626,0.006738,-0.004946,0.00456,0.008796,-0.011735
East_UP_Brahmin_009,0.068294,-0.023357,-0.118416,0.11079,-0.076322,0.070002,-0.00094,0.009461,0.027611,0.005832,-0.000974,-0.000599,-0.005798,0.016515,0.011265,0.00358,-0.021122,0.005574,0.008045,-0.031765,-0.007861,0.020155,0.006902,0.009037,-0.000599
UP_Rajput_001,0.059188,-0.039606,-0.122941,0.109498,-0.065551,0.062472,0.00423,0.012923,0.02986,0.011481,-0.00341,-0.002698,-0.001189,-0.001376,0.000679,-0.002387,-0.00691,0.000887,0.004022,-0.01138,-0.004617,0.001113,-0.004314,0.008073,-0.002874
UP_Rajput_002,0.056912,-0.040621,-0.121056,0.10336,-0.070475,0.063587,-0.00047,0.003923,0.024134,0.010205,-0.015914,-0.001349,-0.001635,-0.001651,-0.000136,0.010475,0.017993,-0.00228,0.002388,-0.001876,-0.003244,-0.001731,-0.000863,0.00735,0
UP_Rajput_003,0.061464,-0.04773,-0.12973,0.097223,-0.06832,0.056336,0.00329,0.008538,0.026588,0.007289,-0.009256,-0.001349,-0.0055,-0.003165,0.002714,0.006895,0.010952,0.000633,-0.000628,0.002751,-0.006489,0.003339,-0.001602,0.004699,-0.008622
UP_Rajput_004,0.058619,-0.041129,-0.12642975,0.10287575,-0.06870525,0.0605195,0.00193875,0.00807675,0.02663925,0.010205,-0.00791625,-0.0008995,-0.00200675,-0.0020985,0.00006775,0.0025855,0.00534575,0.00076025,0.00194825,-0.0045335,-0.00377475,0.000433,-0.00095525,0.005663,-0.0035625
Bihar_Rajput_001,0.0685,-0.0234,-0.1113,0.0997,-0.0658,0.0569,0.0015,0.0078,0.0242,0.0107,0.0001,-0.0001,-0.0038,0.0038,0.0023,-0.0004,-0.0066,0.0029,0.0033,-0.0135,-0.0047,0.0072,0.001,0.0043,-0.0047
Bihar_Rajput_002,0.062603,-0.039606,-0.122941,0.103683,-0.067705,0.064145,-0.000235,0.009923,0.024134,0.006925,-0.010718,-0.008393,0.006095,0.007432,-0.006922,-0.000398,0.00013,0.007601,-0.002891,0.003377,-0.004866,-0.008285,-0.00912,0.005784,0.003353
Kashmiri_Muslim,0.057196,-0.01447125,-0.11285325,0.074613,-0.071321,0.051316,0.00052875,0.00236525,0.00184075,0.0027335,-0.007551,0.00018725,-0.00040875,-0.00464475,0.00593775,0.00295,-0.00521525,-0.0021535,0.00226225,-0.003877,-0.00249575,-0.00333875,0.0020645,0.0013555,-0.0006885
Kashmiri_Pakistan,0.070895571,-0.017844571,-0.10920343,0.075997286,-0.072717,0.045857571,0.00040285714,0.0040877143,-0.002162,-0.0045558571,-0.0077251429,-6.195441e-20,-0.0011255714,-0.0051904286,0.0046338571,0.0079932857,0.001453,-0.00066971429,0.00096985714,-0.0097902857,0.001016,-0.0021904286,-0.0014964286,-0.002582,0.0029082857
Kashmiri_Pandit,0.069633636,-0.016127818,-0.11071723,0.077404227,-0.070997955,0.047554,0.0043482273,0.0057541364,0.0012423636,-0.0022921364,-0.0059576364,0.00076172727,-0.0018722273,-0.0063734091,0.0076403182,0.0067704545,-0.00016518182,-0.0011393636,0.00098645455,-0.0072968636,-0.0020025909,-0.0028217727,0.0016815,-0.00095140909,0.00086359091
Awadhi_Brahmin_Saryupareen,0.0631715,-0.0203105,-0.118416,0.0980305,-0.065243,0.05787,0.00517,0.014884,0.011249,0.0048295,-0.0056835,-0.0014985,-0.0007435,-0.002271,0.005293,0.0023205,0.002021,-0.000317,0.0006285,0.0004375,-0.001497,-0.00204,0.0068405,0.0033735,0.000479
Awadhi_Muslim,0.066017,-0.028435,-0.118039,0.073967,-0.061858,0.039881,0.00376,0.006461,0.012067,0.002916,-0.008607,0.003147,0.002825,-0.003165,0.003664,0.00305,-0.000261,-0.002027,0.002263,-0.004752,-0.007986,-0.003833,0.000246,-0.00253,0.000599
Balochi,0.069432077,0.050464077,-0.10170638,0.032449077,-0.073907154,0.031664769,0.00517,0.0019170769,-0.022497538,-0.020774923,-0.0039973077,-0.0020519231,0.0043111538,-0.0081725385,0.017695769,0.030760769,-0.011644385,0.0036253077,0.0074934615,-0.028542462,-0.0010270769,-0.018861769,0.001261,-0.019947077,0.016037154
Balti,0.0609334,-0.10331307,-0.0804272,0.049440533,-0.0557438,0.0353634,0.0033683333,0.0026460667,-0.0041994,-0.0025025333,-0.024812933,-0.0019983333,0.0020118667,-0.0093125333,0.0045873333,0.0065676,-0.0011823333,0.00055733333,-0.00095533333,-0.0062029333,-0.002063,0.0030171333,0.0031058,-0.0011166667,0.00855
Barikot_HP,0.069432,-0.004062,-0.110873,0.079135,-0.081246,0.039045,0.00376,0.001385,-0.010226,-0.012939,-0.008931,0.003147,-0.0055,-0.013625,0.014522,0.014717,-0.004433,-0.005828,0.00176,-0.006503,-0.002745,-0.004822,-0.009983,0.007712,0.015328
Barikot_IA,0.074364333,0.017941,-0.098177,0.061477667,-0.076937333,0.042019667,0.0062666667,-0.0049996667,-0.027747,-0.013364,-0.00341,0.0029976667,-0.00039633333,-0.010046333,0.013436333,0.014054333,-0.0024773333,-0.0028293333,-0.0027233333,-0.008796,0.0032446667,-0.00981,0.0077646667,-0.002892,0.0072646667
Barikot_Medieval,0.0705705,0.0035545,-0.101634,0.0641155,-0.070167,0.043228,0.0005875,0.000346,-0.013908,-0.0091115,-0.0015425,0.004721,-0.0050545,-0.0069495,0.0153365,0.007558,-0.0090615,-0.0014565,-0.000817,-0.0140695,0.000312,-0.0010515,-0.00228,-0.0068685,0.0044905
Bengali_Bangladesh,0.042075322,-0.11910876,-0.1451438,0.099157448,-0.053336149,0.061141161,-0.0018421954,0.010755517,0.04066023,0.024633287,-0.0042706437,0.0010818161,-0.00033490805,0.00083213793,-0.0060387586,-0.0062225632,0.0045754023,-0.0012902874,-0.0023203908,0.0045797586,0.00096670115,0.003880092,0.001581,0.0040926552,0.0012745517
Bengali_Bangladesh_Southeast,0.041951857,-0.11257871,-0.13624829,0.092378,-0.050075286,0.06036,-0.0020814286,0.005736,0.040291143,0.020306429,-0.0064491429,0.00021428571,-0.000042428571,0.0041287143,-0.0034511429,-0.0063264286,0.0011547143,0.00070585714,-0.00030542857,0.0045557143,-0.00078428571,0.0074545714,0.0019542857,0.0028918571,0.0024461429
Bengali_Bangladesh_Sylhet,0.045402778,-0.11007217,-0.13607767,0.094064778,-0.052180611,0.060131778,-0.00057444444,0.0091406667,0.033928222,0.020754611,-0.0031215556,0.00058277778,-0.00088372222,0.0000075555556,-0.00082933333,-0.0033001667,-0.00047088889,-0.00065455556,-0.0011243889,0.0020496111,0.00040222222,0.0032973889,0.0017322778,0.0044916667,0.0019890556
Bengali_Brahmin_West_Bengal,0.056640571,-0.052807619,-0.1252759,0.10211448,-0.062414524,0.057717,0.0016785714,0.0088237619,0.025886857,0.014084238,-0.0034951429,0.00044952381,-0.0020740952,-0.0029818571,-0.00029728571,-0.0011239048,0.00099347619,-0.00060342857,-0.001221,-0.0001787619,-0.00024371429,-0.00084790476,0.0014261905,0.0028630952,-0.0012030952
Bengali_India,0.043253,-0.119832,-0.161031,0.106268,-0.060319,0.064703,-0.00564,0.012692,0.043359,0.034625,-0.007632,0.005545,-0.004014,0.006606,-0.008415,-0.008486,-0.001173,0.000633,0.002263,0.004502,-0.000374,0.004451,-0.003697,0.009158,0.002155
Bhatia,0.0748,0.0117,-0.0994,0.0689,-0.0801,0.0441,-0.0016,0.0022,-0.0183,-0.017,-0.005,-0.0015,-0.0031,-0.0064,0.0116,0.013,-0.0106,0.0005,0.0022,-0.0133,-0.0003,-0.0065,0.0008,-0.0011,0.0043
Bhil,0.0335,-0.1067,-0.1741,0.1244,-0.071,0.0663,-0.0023,0.0166,0.0601,0.0413,-0.0057,-0.0008,0.0015,0.0094,-0.0099,-0.0193,-0.0035,-0.0001,-0.0001,0.0049,0.0018,0.0063,-0.0002,0.0042,-0.0068
Bhojpuri_Kshatriya,0.058619,-0.041129,-0.12642975,0.10287575,-0.06870525,0.0605195,0.00193875,0.00807675,0.02663925,0.010205,-0.00791625,-0.0008995,-0.00200675,-0.0020985,0.00006775,0.0025855,0.00534575,0.00076025,0.00194825,-0.0045335,-0.00377475,0.000433,-0.00095525,0.005663,-0.0035625
Bhumij,0.0022765,-0.215292,-0.178001,0.125648,-0.012156,0.0727905,-0.0070505,0.007269,0.0755715,0.045468,0.0239525,0.0071185,-0.00446,0.011973,-0.0214435,-0.029037,0.0164285,-0.0039905,-0.005405,0.027701,0.0029325,0.0140965,-0.003882,0.0064465,0.008023
Bhunjia_Chhattisgarh,0.007968,-0.219354,-0.174984,0.113697,-0.014772,0.066655,-0.007285,0.014999,0.080582,0.053942,0.02176,0.004796,-0.009514,0.012937,-0.027144,-0.02201,0.012126,-0.000127,-0.008925,0.029139,0.000998,0.02065,-0.006409,0.010724,0.00491
Bihari_Brahmin_Bhumihar,0.066397,-0.028773333,-0.11552467,0.099914667,-0.065243,0.05364,-0.00039166667,0.0060766667,0.018816,0.0091723333,-0.0064413333,0.00074933333,0.0013873333,-0.009909,0.0027593333,0.0053033333,0.006867,-0.0017736667,-0.0040223333,-0.00029166667,-0.0038263333,0.00169,0.00049333333,0.004338,-0.001397
Bihari_Kayastha,0.050082,-0.061947,-0.145191,0.109175,-0.074168,0.061077,0.003055,0.02123,0.046427,0.022415,-0.018837,-0.003447,0.000743,0.007707,0.002714,-0.006497,-0.003129,-0.003421,0.004274,0.001126,0.001123,-0.000989,0.003451,0.003615,-0.002994
Birhor,0.0032248889,-0.22708367,-0.17286789,0.11480956,-0.0095742222,0.063308167,-0.0061752778,0.0112045,0.082491222,0.050236389,0.019649,0.0039879444,-0.0044515556,0.013739444,-0.019777389,-0.023549278,0.015073833,-0.0044410556,-0.0036382222,0.028006444,0.00095666667,0.018609667,-0.0050190556,0.010148389,0.002701
Bonda,0.0053116667,-0.26403767,-0.16065333,0.095500333,0.016926,0.066004,-0.005405,0.008615,0.073219667,0.042703667,0.031882,0.005945,-0.0038156667,0.017111333,-0.020448667,-0.023512667,0.009692,-0.00029566667,-0.0022626667,0.031390333,-0.000582,0.020856,-0.010435,0.012291,0.012893
Brahui,0.068653368,0.048531737,-0.10325168,0.03179,-0.073163526,0.029694421,0.0056152632,0.0022347895,-0.021259789,-0.020429579,-0.0033845789,-0.003644,0.0051953158,-0.010365105,0.015643579,0.029839684,-0.0099297895,0.0045074211,0.0057026842,-0.025972947,-0.00045305263,-0.015027,-0.00082368421,-0.017053737,0.012441263
Braj_Brahmin_Kanyakubja,0.0665865,-0.021834,-0.111062,0.0973845,-0.0655505,0.056057,0.0010575,0.009461,0.0158505,0.009841,-0.0056835,-0.0019485,0.003122,-0.003509,0.003936,0.006099,-0.006128,0.00019,0.0050905,0.000938,0.0039305,0.003153,0.001664,0.0018075,0.0001795
Burusho,0.07125325,-0.0373207,-0.08604005,0.06154765,-0.06590445,0.0387101,0.0034075,0.00311525,-0.01089095,-0.0103419,-0.01302365,-0.0015286,0.0001784,-0.0104111,0.00908645,0.0097321,0.00001295,-0.00118455,0.0001381,-0.0064969,-0.00384945,-0.00114995,0.00374065,-0.0003495,0.00451445
Butkara_HP,0.0610092,-0.0203104,-0.1332744,0.0797164,-0.0845698,0.0504232,0.002632,0.0052614,-0.0028224,-0.0014944,-0.005911,0.0003296,-0.0022596,-0.0062758,0.0074918,0.0145846,0.0070928,0.0001772,0.0016594,-0.0099796,0.0026702,-0.0081114,0.0001972,-0.0022172,0.0061072
Butkara_IA,0.066245,0.0042652,-0.1073286,0.0633726,-0.0823536,0.0423356,0.00611,-0.0012922,-0.0200434,-0.0181872,-0.0069178,0.0038366,-0.003003,-0.0072392,0.008523,0.0143992,0.0017732,-0.0017482,-0.0002516,-0.0113304,0.0041178,-0.001484,0.0029824,-0.0055188,0.003808
Central_Uttar_Pradeshi_Brahmin_Lucknow,0.065732875,-0.058900625,-0.10851637,0.085393125,-0.061319125,0.051350875,0.001791875,0.009345625,0.013831,0.004237,-0.01565025,-0.0008805,-0.000743375,-0.002993375,0.003613625,-0.0011435,-0.00267275,-0.00036425,-0.002765125,-0.0044865,0.0000155,0.000371125,0.0023725,0.001972875,-0.000464125
Chenchu,0.032629,-0.11441667,-0.165179,0.110144,-0.065858333,0.060054667,-0.0043083333,0.014153,0.052971667,0.037115333,-0.008769,-0.000999,-0.0024776667,0.006239,-0.0096363333,-0.014629,0.0034333333,-0.0039273333,-0.003771,0.0096296667,0.00074866667,0.00136,0.0022183333,0.0027713333,-0.0048696667
Chhattisgarhi_Satnami,0.042115,-0.094444,-0.16895,0.119834,-0.068013,0.063866,-0.00752,0.011999,0.054812,0.032438,-0.004547,0.003147,-0.008325,0.004817,-0.005157,-0.005701,0.015776,0.00266,0.002514,0.004752,0.002496,0.002102,-0.001356,0.007712,-0.008742
Cochin_Jew,0.050082,-0.0362205,-0.1390945,0.070952333,-0.063293667,0.044204,-0.0020758333,0.0078073333,0.030099167,0.0184665,-0.00086616667,0.00087416667,0.0032953333,0.0029818333,-0.0019681667,-0.0023425,-0.0041505,0.00052783333,-0.001215,-0.0041268333,0.0032233333,-0.004802,0.002732,-0.00058233333,-0.0021153333
Dakhni_Muslim_Hyderabad,0.042114667,-0.054161667,-0.14494,0.089148,-0.071910667,0.050386,-0.000078333333,0.012614667,0.038723333,0.019195667,-0.004168,-0.003247,0.0012883333,0.002936,-0.0027596667,-0.0077786667,0.000565,-0.00046466667,0.0022206667,0.004669,0.002038,0.0021843333,-0.00086266667,0.0033336667,-0.0040313333
Dameli,0.0811,0.0246,-0.0822,0.06565,-0.07135,0.0381,0.0029,0.0026,-0.02865,-0.02535,-0.0039,-0.001,-0.00155,-0.0108,0.0163,0.00835,-0.01415,-0.001,-0.00025,-0.0123,-0.0043,-0.0056,0.0019,-0.00365,0.00265
Dogra_Brahmin_Jammu,0.072847,-0.025388,-0.110119,0.083011,-0.071398,0.056057,0.000705,0.001154,0.000614,-0.000364,-0.012017,-0.003147,0.002081,-0.006606,0.00665,0.013259,0.009779,-0.001014,-0.003142,0.00025,-0.006738,-0.00272,-0.002835,0.004338,-0.000958
Dhurwa_Odisha,0,-0.226463,-0.181395,0.115635,-0.008925,0.060519,-0.009165,0.012923,0.08365,0.053213,0.017863,0.004796,0,0.01156,-0.022122,-0.024794,0.002868,-0.003801,-0.003142,0.030765,-0.000749,0.013231,-0.012202,0.006266,0.003473
Dusadh,0.041735333,-0.093090333,-0.16781833,0.121449,-0.069448667,0.067026667,-0.0031333333,0.011845667,0.049904,0.034382,-0.005088,-0.000849,-0.0026756667,-0.000046,-0.0088673333,-0.0039333333,0.0097353333,0.00025366667,-0.0013406667,0.004377,-0.001664,0.0010303333,0.00094466667,0.001446,-0.0037523333
Eastern_Uttar_Pradeshi_Brahmin,0.065887778,-0.028963778,-0.12378533,0.110288,-0.070039556,0.062049111,0.00045166667,0.0083698889,0.027178667,0.010067111,-0.0052938889,0.002004,-0.0040822222,-0.0032003333,0.009806,0.00090833333,-0.0041382222,0.0022823333,-0.0026224444,-0.0087205556,-0.002064,-0.0011046667,0.0018461111,0.0031117778,-0.0066607778
Eastern_Uttar_Pradeshi_Kalal,0.050082,-0.072103,-0.148963,0.11079,-0.076014,0.057451,0,0.014769,0.035178,0.026606,-0.008931,0.000749,0.002825,0.000826,-0.007057,-0.005834,0.010691,0.003674,-0.005782,0.003377,0.003619,-0.002226,0.006532,0.012652,-0.00934
Eastern_Uttar_Pradeshi_Teli,0.044391,-0.070072,-0.159145,0.102391,-0.074168,0.064982,0.00611,0.013384,0.041723,0.026424,-0.002436,-0.001798,0.001784,0.007432,-0.001629,-0.000796,-0.001565,0.002914,-0.003771,-0.009254,0.007736,0.000495,-0.000739,0.013134,0.000479
Garhwali_Rajput,0.051622,-0.0999705,-0.1063945,0.080338,-0.0541855,0.050924,0.0018625,0.006069,0.024085,0.0111325,-0.019484,-0.002848,-0.0006055,-0.0045405,-0.0016895,0.002382,0.0029635,-0.000217,0.0023185,0.0026395,-0.0037315,0.004448,0.0059995,0.0042725,0.0003655
Garo,0.0108135,-0.3793,-0.0520425,-0.0114665,0.0520095,0.0405785,-0.000235,0.0016155,0.016669,0.01467,-0.0260635,-0.0055455,0.002899,-0.0010325,-0.007532,-0.0059005,0.00352,-0.003104,-0.008987,0.0132565,-0.0013725,0.0242975,0.003636,0.0084345,0.047002
Gawar,0.0722,0.0037,-0.11385,0.07215,-0.0698,0.04165,0.0023,0.00685,-0.0057,-0.00495,-0.00135,0.00105,-0.00205,-0.0082,0.0105,0.00845,-0.0017,-0.0026,0.0013,-0.0079,0.00035,-0.0048,0.0004,-0.0041,0.0036
Gogdara_IA,0.070001,-0.0071085,-0.106348,0.069122,-0.0817075,0.04532,0.00188,-0.0008075,-0.014521,-0.016219,-0.0010555,-0.0026975,-0.0032705,-0.0016515,0.008075,0.010541,-0.0079535,0,-0.002137,-0.010755,0.001435,-0.0040805,0.0019715,-0.009158,-0.001976
Gond,0.012185824,-0.18560288,-0.17742435,0.12080294,-0.029779235,0.064210529,-0.0035526471,0.013669118,0.077093353,0.049107235,0.011348059,0.0027857059,-0.0030957059,0.013300882,-0.018601706,-0.020816529,0.0098862353,-0.0025262941,-0.0045103529,0.021848706,0.0021506471,0.011841529,-0.0036394118,0.0079386471,0.0021202353
Gujar_Kashmir,0.06971675,-0.0027925,-0.120867,0.07437075,-0.078553,0.048806,0.001175,0.00819175,-0.00143175,-0.002369,-0.0069825,0.0010115,-0.00003725,-0.00743175,0.01839025,0.00911525,-0.014114,0.00044375,0.00175975,-0.01069275,0.001248,-0.01054125,2.5e-7,-0.00819375,0.00505925
Gujar_Khyber_Pakhtunkhwa,0.071423938,0.0010155,-0.11513969,0.07679325,-0.077860625,0.050305,0.00423,0.005134375,-0.0034130625,-0.008394375,-0.0060185,0.0002340625,0.002053375,-0.0069069375,0.0091950625,0.014071125,-0.0023795,0.0004830625,0.001453375,-0.013866062,0.0015909375,-0.01058,0.0021028125,-0.0054825625,0.0020356875
Gujar_Rajasthan,0.066230812,-0.011995937,-0.12477963,0.085171062,-0.076975937,0.050531438,0.0026290625,0.00833625,0.00645525,-0.0010593125,-0.0048716875,-0.0012364375,0.00105925,-0.0041716875,0.007702125,0.01091375,-0.0036019375,0.0018845,0.002663125,-0.0099658125,-0.001302375,-0.0072259375,0.00200275,-0.0022743125,0.001736375
Gujarati,0.055773355,-0.050795411,-0.15153554,0.10751143,-0.079971701,0.062951112,-0.00085873832,0.011671654,0.031217607,0.016973542,-0.0064621308,0.00071150467,-0.001946486,-0.00010421495,0.0012329065,0.00029120561,-0.0011612804,0.000097074766,0.000052906542,-0.0055938411,0.0023183178,-0.0039441589,0.0019454766,0.0010348692,-0.0037043458
Gujarati_Bania,0.047806,-0.045699,-0.143306,0.112405,-0.080938,0.06275,-0.00047,0.007846,0.029656,0.018953,-0.001949,0.005395,-0.000149,-0.008533,-0.004479,0.008353,0.018906,-0.001394,0.004902,-0.003252,0.000998,-0.000989,0.007765,0.001807,-0.003353
Gujarati_Brahmin,0.065005722,-0.016869056,-0.11795489,0.091749944,-0.073791611,0.053345556,0.0015666667,0.0069355556,0.011112444,0.0021159444,-0.0055211111,0.000099777778,-0.00042944444,-0.0053979444,0.0047275556,0.0070124444,-0.00014477778,-0.000049111111,-0.000027888889,-0.0075173889,-0.00094283333,-0.0038538333,0.0021431111,-0.00034822222,0.000079833333
Gujarati_Brahmin_Audichya,0.065626333,-0.021752333,-0.120508,0.091128667,-0.075871333,0.056753667,0.0037766667,0.0067436667,0.009304,0.0038143333,-0.0047323333,-0.00093266667,-0.000095666667,-0.006247,0.006712,0.0072526667,0.0025063333,0.000558,0.001216,-0.0059423333,0.0011593333,-0.0057076667,0.0026046667,-0.0019586667,-0.001921
Gujarati_Brahmin_Bardai,0.0682935,-0.014725,-0.117473,0.089794,-0.0770915,0.0514555,0.0019975,0.0045,0.0091015,0.003189,-0.006577,-0.0026975,-0.003642,0.0015825,0.009229,-0.0055685,-0.0202095,0.0008235,-0.004588,-0.0071285,-0.000312,-0.006801,0.001171,0.003916,-0.002455
Gujarati_Brahmin_Nagar,0.070001,-0.004062,-0.105028,0.085595,-0.0672435,0.0503395,-0.00188,0.0025385,0.012374,0.0044645,0.004141,0.0002245,-0.0018585,-0.0083265,0.00984,0.000928,-0.0084095,0.0004435,-0.0060965,-0.0105675,-0.0050535,-0.0036475,0.0078875,-0.0127125,0.0019755
Gujarati_Koli,0.042115,-0.082258,-0.158768,0.117573,-0.066474,0.058288,-0.00235,0.009923,0.052972,0.030433,-0.006333,0.005845,-0.000892,0.007844,-0.005565,-0.014585,-0.000391,-0.006081,0.003897,-0.001,-0.00025,0.004946,0.003451,0.001687,-0.005149
Gujarati_Muslim_Ismaili,0.072847,0.012186,-0.099183,0.06783,-0.076322,0.039881,0.000705,-0.003461,-0.008385,-0.020046,-0.002598,-0.001349,0.002081,-0.001376,0.005429,-0.002652,-0.021513,-0.002154,-0.001383,-0.012256,-0.00549,-0.002473,0.001109,-0.007109,-0.000599
Gujarati_Muslim_Nagori,0.059188,-0.028435,-0.132746,0.08398,-0.068936,0.043786,0.00235,0.005769,0.032519,0.013668,-0.008607,0.001499,0.004162,0.001927,-0.008958,-0.003713,-0.020731,-0.000127,0.007039,-0.005378,0.000624,-0.003339,0.006162,-0.000964,0.001437
Gujarati_Muslim_Sunni_Bharuchi,0.0589035,-0.00507775,-0.12086725,0.0650845,-0.06862825,0.042252,0.00017625,0.00426925,0.01252675,0.01207325,-0.0073075,-0.000075,0.00185825,-0.00237425,0.00064475,0.00871775,0.00114075,-0.00262875,0.0022625,-0.0035955,-0.00305725,-0.0066465,-0.000801,0.000964,-0.00011975
Gujarati_Patel,0.050082,-0.051792,-0.165179,0.10756,-0.083092,0.066934,-0.010105,0.007154,0.031906,0.021322,-0.01153,-0.010491,-0.005203,-0.001789,0.001629,-0.003978,-0.004955,-0.004181,0.001885,-0.002876,0.006239,-0.006059,0.00493,0.004458,-0.003113
Gurung,0.0188946,-0.3881352,-0.0210432,-0.0217702,0.0122484,0.012048,0.0051702,0.007615,0.0091626,0.0180414,-0.0717434,-0.0071936,0.0090386,-0.0005228,-0.0131106,-0.0037388,0.0032596,-0.0023058,-0.0086228,0.0072286,0.0028198,0.024953,0.007666,0.0013014,0.0337216
Hakkipikki,0.030732333,-0.11780133,-0.18064067,0.12554033,-0.069551667,0.061541667,-0.0036033333,0.018383667,0.06947,0.044101,-0.0044926667,0.00039966667,0.0014863333,0.009817,-0.01217,-0.021126,-0.0056063333,0.003632,0.0015923333,0.008379,0.002454,0.0031736667,0.0025473333,0.001968,-0.0053886667
Haryanvi_Jatt,0.080055333,0.014556,-0.079572667,0.084626,-0.060524,0.047039667,0.0012533333,0.0073073333,-0.0019773333,-0.010569667,-0.0049256667,-0.00034966667,0.000793,-0.011193333,0.015427,0.0022536667,-0.014994,0.000549,0.0015923333,-0.010171667,-0.0068213333,-0.002803,0.0053406667,-0.000080333333,0.0029933333
Hazara,0.064075647,-0.17246076,-0.0012201176,0.001976,-0.040677176,0.0024115882,0.0095522941,0.0083345882,-0.012271294,-0.0042450588,-0.025829294,-0.00149,0.0018801176,-0.0020320588,0.0037762941,0.0052020588,-0.0033745882,0.00060364706,0.00049547059,-0.00052964706,-0.0071565294,-0.0029967059,-0.0046906471,-0.0021832353,0.00027476471
Hazara_Afghanistan,0.068294,-0.14962133,-0.0091766667,0.010336,-0.042469333,0.0063213333,0.0018016667,0.0052306667,-0.010158,-0.00328,-0.018945333,-0.00054933333,0.000644,-0.005092,0.0054286667,0.0077786667,-0.00047833333,0.00063333333,0.003394,-0.0031266667,-0.0054903333,-0.00045333333,-0.0064496667,-0.000080333333,-0.00011966667
Himachali_Brahmin,0.067725,-0.030466,-0.1108735,0.084303,-0.0683205,0.0483875,0.00094,0.0044995,0.006136,-0.0020045,-0.002517,0.000974,0.0019325,-0.0049545,0.0050215,-0.001525,-0.000782,-0.0031675,-0.0043365,-0.008942,0.0009985,-0.000618,0.004252,0.0018675,0.003952
Himachali_Rajput,0.054635,-0.136081,-0.104085,0.07106,-0.049855,0.045738,-0.00329,-0.001615,0.025156,0.016401,-0.019487,-0.003147,-0.001487,0.002064,-0.009908,0.008221,0.008475,0.000507,0.001257,-0.006128,0.003494,0.000495,-0.002835,-0.003856,0.015687
Hmar,0.01678875,-0.41459,-0.02734125,-0.031331,0.05254825,0.02433325,0.006874,0.0024805,0.0036815,0.007745,-0.04445375,-0.006594,0.00613225,-0.00096325,-0.008245,-0.00570125,0.00440025,-0.0037375,-0.008516,0.0078165,-0.00246425,0.02819275,0.00406675,0.00469925,0.04529525
Ho,0.0054744286,-0.22815567,-0.17453486,0.11057467,-0.004000619,0.065433,-0.0063115714,0.011164429,0.079179952,0.049828619,0.022285952,0.0047600476,-0.0045731429,0.01394581,-0.02235519,-0.024352238,0.013547571,-0.003957381,-0.004339619,0.028144524,0.000029761905,0.018866,-0.0061624762,0.01093081,0.0060387619
India_Roopkund_c.800CE_(South_Asian_Profile),0.045583429,-0.062285714,-0.14526338,0.10777486,-0.070122905,0.057836667,-0.0020255238,0.010109429,0.035002762,0.01942119,-0.0036188571,-0.00052814286,-0.0007362381,0.00083228571,-0.0036966667,-0.0032769048,0.0010183333,0.001906381,-0.0003412381,0.0028168571,0.0011645238,-0.001866619,0.0019250476,0.00055642857,-0.0029024762
Indian_South,0.035748852,-0.097378037,-0.17262352,0.11392419,-0.068525593,0.062574815,-0.0031594444,0.012546407,0.051441481,0.032620259,-0.00057744444,0.00049403704,-0.0012057778,0.0050666667,-0.00849,-0.0059321481,0.0069633704,0.000032814815,-0.00033055556,0.0048865926,0.0050604815,0.0024409259,0.00033774074,0.0039495556,-0.0039207037
Iran_EBA_Shahr-i-Sokhta_(IVC_Profile),0.0455292,-0.0331064,-0.1690254,0.0957374,-0.103404,0.0561686,0.0075672,0.0043384,0.007772,0.0049936,-0.0033452,0.006684,-0.0024382,-0.0029452,0.0078446,0.0104482,-0.0039116,0.0024324,0.0004778,-0.0146824,0.0011976,-0.0132554,0.0003698,-0.0097362,0.0012452
Iranian_(Balochistan_Profile),0.068707818,0.055484818,-0.098702727,0.023461545,-0.068879909,0.026190455,0.0048068182,0.0019510909,-0.022479,-0.019151273,-0.0031148182,-0.0021254545,0.0063789091,-0.0057175455,0.015768182,0.025915,-0.013654909,0.0024877273,0.0062733636,-0.025284818,-0.00063527273,-0.015332909,-0.0027113636,-0.014963636,0.011985818
Irula,0.021522864,-0.13356514,-0.18190073,0.12462027,-0.058612318,0.057388091,-0.0019761591,0.01484725,0.072192295,0.046445318,-0.00019561364,-0.00044622727,-0.00064872727,0.007832,-0.017717705,-0.015663636,0.0081638409,0.00061615909,0.00023995455,0.018980727,0.0035505682,0.0052075227,-0.0068654318,0.0027686818,-0.0056743409
Juang,0.003415,-0.263022,-0.156882,0.093993,0.017849,0.063587,-0.00799,0.012692,0.077515,0.04811,0.037512,0.003597,-0.004162,0.024084,-0.024701,-0.026253,0.003129,-0.003801,-0.005656,0.032265,0.003494,0.022999,-0.010106,0.010845,0.015567
Kadar,0.00927655,-0.1553252,-0.1854302,0.13283475,-0.05456395,0.0543279,-0.00565175,0.0159338,0.08276055,0.0537232,0.00215975,-0.00038965,-0.00078045,0.01221395,-0.0218918,-0.0179792,0.0139966,-0.00040535,-0.00243235,0.02314235,0.00678185,0.01016435,-0.00510855,0.00550665,-0.0076999
Kalash,0.083882609,0.02499087,-0.084032261,0.066594174,-0.071678783,0.040305739,0.0031163043,0.0020167391,-0.030927565,-0.025156565,-0.005591913,-0.00049508696,-0.0023915217,-0.010902087,0.016611,0.0087623478,-0.013820739,0.0021041304,0.00067213043,-0.012832261,-0.0039224783,-0.0053922609,0.0028615217,-0.0034262609,0.0033529565
Kanjar,0.048564667,-0.067024667,-0.147957,0.115958,-0.075090667,0.064424,0.00086166667,0.0097686667,0.040018667,0.021929,-0.0068743333,0.001149,-0.0019326667,-0.0031193333,0,-0.011181667,-0.00043466667,-0.00114,-0.000545,0.000667,0.0019133333,-0.002473,0.006491,-0.0047796667,-0.013971
Kannadi_Brahmin_Karnataka,0.050082,-0.040621,-0.132369,0.093347,-0.065858,0.048527,-0.00094,0.00923,0.023316,0.009659,-0.006171,0.001948,0.004311,-0.011423,-0.000679,0.008088,0.013299,-0.005321,0.001257,0.003377,0.000374,-0.003091,-0.006655,-0.002771,0.003832
Kapu,0.035854,-0.105615,-0.165179,0.11402,-0.0646275,0.058288,-0.004935,0.0129225,0.0525625,0.034534,-0.00747,-0.000599,-0.000743,0.002202,-0.008822,-0.0070275,0.0069105,-0.0048775,-0.0009425,0.012131,0.005116,0.000804,-0.000678,0.004398,-0.0028735
Kashmiri_Muslim,0.057196,-0.01447125,-0.11285325,0.074613,-0.071321,0.051316,0.00052875,0.00236525,0.00184075,0.0027335,-0.007551,0.00018725,-0.00040875,-0.00464475,0.00593775,0.00295,-0.00521525,-0.0021535,0.00226225,-0.003877,-0.00249575,-0.00333875,0.0020645,0.0013555,-0.0006885
Kashmiri_Pakistan,0.070895571,-0.017844571,-0.10920343,0.075997286,-0.072717,0.045857571,0.00040285714,0.0040877143,-0.002162,-0.0045558571,-0.0077251429,-6.195441e-20,-0.0011255714,-0.0051904286,0.0046338571,0.0079932857,0.001453,-0.00066971429,0.00096985714,-0.0097902857,0.001016,-0.0021904286,-0.0014964286,-0.002582,0.0029082857
Kashmiri_Pandit,0.069633636,-0.016127818,-0.11071723,0.077404227,-0.070997955,0.047554,0.0043482273,0.0057541364,0.0012423636,-0.0022921364,-0.0059576364,0.00076172727,-0.0018722273,-0.0063734091,0.0076403182,0.0067704545,-0.00016518182,-0.0011393636,0.00098645455,-0.0072968636,-0.0020025909,-0.0028217727,0.0016815,-0.00095140909,0.00086359091
Katelai_IA,0.067074357,-0.0035180357,-0.11430804,0.071152286,-0.079905036,0.042969107,0.0037767857,0.00090657143,-0.015470714,-0.014344571,-0.0060315,0.00056203571,-0.0020334286,-0.0091125357,0.01113875,0.010005786,-0.0012013929,0.00034382143,0.00045792857,-0.0079904643,-0.00032092857,-0.0056923571,0.0016858571,-0.0051899286,0.0027713571
Khas_Brahmin_Nepal,0.068343286,-0.037574639,-0.10054374,0.085805688,-0.06204502,0.050879367,0.0018493913,0.0067321074,0.0070427206,0.00093502355,-0.0091715145,-0.0015051941,0.00089844323,-0.0044996285,0.0029621411,0.0029112345,0.0012302643,-0.0023133636,-0.00087435856,-0.00353978,-0.00016828637,-0.0022902253,0.0049727507,0.0026351694,0.0023688365
Khas_Dalit_Damai_Nepal,0.030732,-0.176702,-0.125958,0.08398,-0.042777,0.058009,0.00376,0.015461,0.039269,0.027882,-0.022085,-0.008992,-0.0055,0.003991,-0.008822,-0.005038,0.012517,-0.004181,-0.008422,0.011756,0.012603,0.000742,-0.001479,0.002771,0.010658
Khas_Kshatriya_Nepal,0.0498299,-0.1321915,-0.090646,0.0646047,-0.0473125,0.039772,0.0009205,0.0068428,0.0150655,0.0090646,-0.0223169,-0.0029926,0.0024765,-0.0036755,0.0002316,-0.0028615,-0.0014389,0.0001928,-0.0019249,0.0000277,-0.0019768,0.0036783,0.0018944,0.0022284,0.0048406
Khas_Nepal_(High_AASI_Profile),0.027887,-0.170609,-0.1335005,0.090117,-0.0446235,0.057591,-0.00235,0.013499,0.049597,0.0360825,-0.023465,-0.0040465,0.000669,0.0070875,-0.013911,-0.0188275,0.002021,0.00038,-0.004839,0.006253,0.0028075,0.0074195,0.003697,0.004398,0.004191
Khas_Nepal_(Kshatriya_Profile),0.0512202,-0.1243008,-0.0939786,0.0657628,-0.0467164,0.043507,0.0019742,0.0090918,0.0120668,0.0108614,-0.0252676,-0.003117,0.0002674,-0.0058074,0.0030944,0.0009016,-0.0018254,0.0003546,-0.002338,-0.003827,-0.0009982,0.002943,0.0059652,0.0007956,0.0084542
Kho,0.085367,0.0081243333,-0.07115,0.059109,-0.067499667,0.035791,0.000705,0.00038466667,-0.018543333,-0.020714333,-0.005738,-0.002198,0.0016353333,-0.010597,0.010450667,0.015469,0.0014776667,0.00071766667,0.003268,-0.0034183333,-0.0069463333,-0.001855,0.00069833333,-0.0037353333,0.0040313333
Khonda_Dora,0.006829,-0.246774,-0.16895,0.095285,0.011694,0.072233,-0.007285,0.004846,0.071788,0.039727,0.034589,0.005095,-0.004906,0.017203,-0.019679,-0.02201,0.015255,-0.003041,-0.009804,0.032265,-0.004118,0.01929,-0.009244,0.016026,0.005628
Kohistani,0.073757433,-0.0064993667,-0.10246367,0.0689605,-0.074218867,0.0437022,0.0035172,0.0031383,-0.0096263333,-0.010940233,-0.0068095,0.00040966667,-0.0013280667,-0.0075234,0.010875667,0.0105761,-0.0018775,0.00047293333,0.00034773333,-0.0090000333,-0.0039721667,-0.0038249333,0.0024896333,-0.0021609,0.0038478667
Kol,0.050840667,-0.071087,-0.15298533,0.10895933,-0.07386,0.064237667,0.000078333333,0.012999333,0.038246,0.025816667,-0.0035186667,0.0014486667,-0.001685,-0.0021103333,-0.003619,-0.0041986667,0.0068233333,-0.0013936667,-0.003729,-0.0028763333,0.0026206667,0.0024316667,0.0027936667,0.0023296667,-0.0031933333
Kom,0.018781,-0.420429,-0.0258325,-0.0323,0.051548,0.025658,0.006345,0.004846,0.0048065,0.0112075,-0.044738,-0.004196,0.0061695,0.0007565,-0.0105185,-0.005171,0.002347,-0.002597,-0.009239,0.0049395,-0.0031195,0.0280075,0.003328,0.0068685,0.041673
Konkani_Christian,0.0361956,-0.0895698,-0.1663856,0.1174438,-0.0717054,0.0634758,-0.001504,0.0116302,0.055467,0.0343332,-0.001494,0.0013486,-0.000892,0.0058076,-0.0115092,-0.0128876,-0.0029466,-0.0008108,0.0012822,0.0036268,0.0029198,0.0059602,-0.0016266,-0.0010364,-0.003425
Korwa,0.0065132778,-0.22680161,-0.17408311,0.11272794,-0.0099162778,0.063989889,-0.0065147222,0.010794333,0.07806,0.049669556,0.021281944,0.0030888889,-0.0043441111,0.013311222,-0.020282556,-0.023180944,0.0089024444,-0.0025196111,-0.0030446667,0.027012889,0.00076955556,0.018067,-0.0055872222,0.0081401111,0.0069187222
Kuki,0.0151765,-0.41670583,-0.0255815,-0.033538167,0.052574,0.027006,0.0034075,0.0026151667,0.0021476667,0.0054065,-0.046416,-0.004621,0.0040881667,-0.00020633333,-0.0104505,-0.0045743333,0.0078446667,-0.003674,-0.01037,0.0083163333,-0.0027868333,0.026709,0.0076415,0.0042171667,0.045026
Kurichiya_Brahmin,0.023903,-0.131003,-0.182149,0.12371,-0.060934,0.05773,-0.00282,0.01523,0.067288,0.046835,-0.011367,0.008243,0.007284,0.000275,-0.016829,-0.00716,0.016428,-0.000253,-0.000377,0.02151,0.010981,0.001978,-0.003574,-0.002651,-0.002036
Kumaoni_Brahmin,0.067156,-0.039606,-0.096543,0.088179,-0.064012,0.051037,-0.00235,0.009,0.01084,0.007107,-0.020948,-0.006744,0.003568,-0.004679,0.010043,0.019888,0.006258,-0.007348,0.006536,-0.001626,-0.007362,-0.001607,0.000493,0.000964,0.00934
Kurumba,0.024472,-0.1249105,-0.180264,0.1212875,-0.063704,0.056057,-0.0019975,0.0138455,0.064118,0.0420055,0,0.005545,-0.002602,0.0096335,-0.0128935,-0.009878,0.009257,0.001267,-0.0032055,0.012881,0.006863,0.0062445,-0.005238,0.003193,-0.001856
Kusunda,0.022927286,-0.30785043,-0.067666143,0.030915714,-0.0068582857,0.028008571,-0.00043642857,0.0081094286,0.025098,0.022050714,-0.055235286,-0.0054167143,0.0061375714,-0.0031455714,-0.011187286,-0.007747,0.0079535714,-0.0052485714,-0.0073442857,0.011773429,0.00064171429,0.023352714,0.0025,0.000396,0.022512857
Loebanr_IA,0.067643457,-0.00098654286,-0.11156303,0.066519543,-0.082512029,0.043977,0.0032430286,0.0011538286,-0.018354543,-0.014641314,-0.0058042286,0.0013018286,-0.0039926286,-0.0066806,0.012179943,0.011573143,-0.0027119714,0.00083248571,0.00092651429,-0.010212086,-0.001993,-0.0063417143,0.00059505714,-0.0062693714,0.0038730571
Madhesi_Brahmin,0.064879,-0.051792,-0.100314,0.09367,-0.071706,0.047133,0.003525,0.001385,0.007976,0.006925,0.005034,-0.008692,0.000149,0.003578,0.007872,0.00305,0.002217,-0.000127,0.005531,0.003001,-0.001123,0.009892,0.007765,0.004097,0.005868
Madiga_Andhra_Pradesh,0.02655875,-0.11670125,-0.18428633,0.122714,-0.073064833,0.066631583,-0.0035839167,0.016191583,0.065345333,0.04467825,-0.0032884167,0.000024916667,0.0032085833,0.0091405,-0.01423925,-0.0066515833,0.0085400833,0.0011084167,-0.00057608333,0.013704417,0.00564625,0.0020815,-0.0010680833,0.0018878333,-0.00843225
Magar,0.0231915,-0.34984975,-0.034270875,-0.00718675,0.006077875,0.022450875,0.00155675,0.006778375,0.01521125,0.014920625,-0.063250375,-0.00826125,0.010313375,-0.0007225,-0.008329875,-0.004823,0.00651925,-0.004497625,-0.010605625,0.006487375,-0.00065525,0.022010125,0.006547625,0.003027375,0.0322575
Makrani,0.052168833,0.0633015,-0.10037683,0.019487667,-0.069910333,0.022636667,0.0048958333,0.001769,-0.025088167,-0.020319167,-0.000027,-0.0067191667,0.0082753333,-0.010642667,0.012689833,0.032020333,-0.0099308333,0.0028085,0.0048185,-0.025804333,0.0054278333,-0.0137255,-0.0015405,-0.0211275,0.015188
Malayali_Brahmin_Nambudiri,0.0574805,-0.0406215,-0.1415145,0.102149,-0.077168,0.05891575,0.00211525,0.00882625,0.02546325,0.01166275,-0.005846,-0.00157375,-0.00055725,0.000172,-0.0016625,-0.0010275,-0.00022825,0.0019955,0.00062825,-0.002001,0.00012475,-0.00049475,0.0005855,-0.0027715,-0.00014975
Kerala_Nambudiri,0.061464,-0.037575,-0.140666,0.097546,-0.076014,0.059683,0.011281,0.007615,0.020657,0.004191,-0.003248,0.002997,-0.000743,0.005092,0.003936,-0.007558,-0.000652,0.003674,-0.003394,-0.001376,0.000499,0.002597,-0.002218,-0.005302,-0.000239
Malayali_Christian,0.045529,-0.0563615,-0.1555625,0.0996455,-0.071244,0.0557785,-0.00282,0.01373,0.0344625,0.0205015,-0.0018675,0.002173,0.0012635,0.00289,-0.0010175,0.000464,-0.004042,-0.001964,-0.002137,-0.0060025,0.0042425,-0.003524,-0.000678,-0.000422,-0.0002395
Malayali_Christian_Knanaya,0.048862571,-0.043450071,-0.1507675,0.084026143,-0.074409571,0.0509175,0.0008225,0.0078293571,0.028238929,0.016752643,-0.0040248571,-0.0014665714,0.002421,0.0013762143,0.000058071429,-0.0013921429,-0.0047497143,0.001674,0.0016787857,-0.0047612143,0.0024331429,-0.0055113571,-0.0018222143,-0.0015576429,-0.0010093571
Malayali_Christian_Nasrani,0.047203,-0.059020353,-0.15351035,0.097736059,-0.076502706,0.057287353,-0.00094,0.010655588,0.033987118,0.019338471,-0.0059509412,-0.00014105882,0.0021247647,0.0011415294,0.00076635294,-0.0016301176,-0.0023929412,0.00036517647,0.0025213529,-0.0019494706,0.0043673529,-0.003324,-0.0012251765,-0.0022256471,-0.0033317647
Malayali_Christian_Roman_Catholic,0.05122,-0.06804,-0.160276,0.103037,-0.07386,0.057451,0.007285,0.015461,0.040905,0.020957,-0.007145,-0.001199,-0.000892,0.006193,-0.004207,-0.00716,0.00013,-0.008108,-0.000377,0.003001,0.002371,-0.002226,-0.004437,-0.002651,-0.008263
Malayali_Ezhava,0.0426835,-0.079719,-0.165933,0.1030375,-0.0770915,0.0613555,-0.0005875,0.0083075,0.0415185,0.0287935,-0.0097435,0.000375,0.0014865,0.001514,-0.0046145,0.000862,0.0121255,-0.0002535,-0.005405,0.0051275,0.012041,-0.002226,-0.0028965,0.005603,-0.003293
Malayali_Muslim,0.042115,-0.041637,-0.14934,0.074936,-0.064935,0.047411,-0.004935,0.009923,0.029247,0.018224,0.002273,0.003747,-0.0055,0.002615,-0.0019,0.008618,0.014473,-0.001394,0.001634,0.008754,0.006489,0.000866,-0.005546,0.002651,0.003113
Malayali_Nair,0.050570286,-0.049180714,-0.14928586,0.097361429,-0.077684571,0.058806143,0.000067142857,0.010944429,0.031759571,0.018145429,-0.0093257143,0.00094185714,-0.00091314286,-0.0021822857,-0.0021522857,0.00018928571,-0.0014901429,0.00085042857,-0.00023328571,-0.0030012857,0.0012477143,-0.0011835714,-0.00061628571,-0.0044928571,-0.0024807143
Malayali_Nair_Bania_Chettiar,0.056912,-0.039606,-0.144814,0.09367,-0.071398,0.050479,0.00329,0.011307,0.02802,0.009476,-0.004384,-0.004796,0.001487,0.000688,0.000407,0.013922,0.008605,-0.008488,0.00264,-0.006378,-0.001123,-0.004946,-0.005176,0.003133,0.000479
Malayali_Nair_Maniyani,0.050651,-0.041637,-0.1472655,0.097223,-0.0740135,0.0534075,0.001175,0.009346,0.0255655,0.0204105,-0.007551,0.001349,0.001784,-0.0026835,0.0035965,0.0043755,0.0031945,0.002407,0.003331,-0.004127,0.0064885,-0.0055645,0.005238,-0.006025,0.001916
Malayali_Nair_Nambiar,0.056912,-0.044683,-0.139912,0.101745,-0.075706,0.059961,-0.00329,0.014307,0.030474,0.023326,-0.006496,0.001798,-0.002973,-0.009358,-0.00285,0.005834,0.013299,-0.002787,-0.000251,-0.001,0.009109,-0.00272,-0.002835,0.000482,-0.007664
Malayali_Poduval,0.0549195,-0.04316,-0.1461345,0.09455825,-0.07593725,0.05480175,-0.00076375,0.009461,0.027662,0.018998,-0.00373475,0.0003,0.00159825,0.00375025,0.00424125,-0.00053025,-0.004205,-0.000475,-0.00179125,-0.007566,0.0002185,-0.0044205,-0.0013865,-0.00189775,-0.003712
Malayali_Thiyya,0.0395535,-0.0680405,-0.16565025,0.1010185,-0.07647575,0.0564055,0.00146875,0.01153775,0.039013,0.02574075,-0.000609,0.00063675,-0.001598,0.00705325,-0.00665025,-0.0084525,-0.0040745,0.00145725,0.002074,-0.00143825,0.0015285,0.000433,-0.00277275,0.0020785,-0.00134725
Malayali_Vishwakarma,0.026179,-0.120848,-0.199497,0.13986,-0.073244,0.066376,-0.00141,0.011538,0.079764,0.056493,-0.003735,-0.003747,-0.010704,0.011147,-0.028501,-0.005304,0.016428,-0.00152,-0.000126,0.015632,0.005865,0.007914,0.006409,0.005543,-0.013053
Malayan,0.006829,-0.155376,-0.188183,0.134046,-0.056318,0.054941,-0.00658,0.012461,0.085491,0.05868,0.003248,0.002248,-0.001487,0.014588,-0.017915,-0.014452,0.013299,0.001014,0.003142,0.023261,0.009608,0.012736,-0.006162,0.001084,-0.010418
Manipuri_Brahmin,0.03369165,-0.2565227,-0.07972335,0.0327522,-0.0044161,0.0420986,0.00179775,0.00501905,0.0196855,0.0148795,-0.02848295,-0.00236785,0.0049801,-0.00229155,-0.00850975,-0.0032684,0.00666265,-0.00200795,-0.00596435,0.0042395,-0.00052405,0.01525875,0.0028777,0.0037956,0.0211178
Mappila_Muslim,0.039838,-0.067363333,-0.15298567,0.097761333,-0.075398667,0.055313333,0.00423,0.016538,0.035723667,0.019134667,-0.0069286667,0.00094933333,-0.0030723333,0.0027526667,-0.002624,-0.0013696667,-0.0056063333,0.0029983333,-0.0023463333,0.00075033333,0.0027866667,0.00024733333,0.0015613333,0.00044166667,-0.004191
Marathi,0.035773143,-0.093428857,-0.16965043,0.12001857,-0.072189286,0.062471429,-0.0010407143,0.015394857,0.054958286,0.036707571,-0.0031087143,0.000085571429,-0.002782,0.0057605714,-0.0084145714,-0.0051708571,0.0093505714,-0.0017372857,-0.0028731429,0.0075034286,0.0041,0.002067,-0.00082742857,0.002496,-0.0050978571
Marathi_Bari,0.043253,-0.080227,-0.16631,0.111759,-0.073244,0.058567,0.002115,0.01823,0.04929,0.024055,-0.001786,-0.002098,-0.002081,0.002477,-0.002714,0.001326,-0.001565,-0.002914,0.002137,0.001626,-0.005241,-0.002226,0.00037,-0.000361,-0.011616
Marathi_Brahmin_Chitpavan,0.05805,-0.037575,-0.14142,0.103037,-0.075091,0.056615,-0.003525,0.013846,0.027611,0.010934,-0.007795,0.000599,-0.004162,-0.00234,0,0.000928,-0.00352,-0.00038,0.000754,-0.008379,0.005989,0.000124,-0.003697,0.00241,-0.005149
Marathi_Sunar,0.053497,-0.048745,-0.137272,0.097223,-0.076322,0.064145,0.00376,0.014307,0.030474,0.012028,-0.004222,0.002548,-0.004162,-0.001239,0.004886,-0.006232,-0.009127,0.002027,0.003394,0.001876,0.000125,-0.004575,-0.007148,0.009158,0.00479
Mawasi_Chhattisgarh,0.013659,-0.210215,-0.170836,0.109821,-0.01508,0.061635,-0.00799,0.01223,0.073833,0.044648,0.017538,0.004046,0.000297,0.012799,-0.021308,-0.028374,0.002608,-0.007348,-0.004777,0.016758,-0.002371,0.018672,-0.003328,-0.001566,0.003353
Meena_Rajasthan,0.056,-0.0265,-0.1389,0.0944,-0.0801,0.0645,0.0001,0.0067,0.0127,0.004,-0.0084,0.002,-0.0037,0.0013,0.0057,-0.0057,-0.0065,-0.0018,0.0024,-0.0138,-0.0005,-0.0065,0.0003,0.0001,0.0038
Mizo,0.0166182,-0.4161642,-0.0251916,-0.0324292,0.0529328,0.0275544,0.005123,0.0003692,0.0051542,0.0100958,-0.0442022,-0.006654,0.0061248,-0.003083,-0.0096364,-0.0045876,0.0061542,-0.0033192,-0.0081202,0.0108552,-0.0011232,0.0305174,0.0074196,0.0038558,0.048355
Mumbai_Jew,0.0665865,0.0035545,-0.1203015,0.0424745,-0.0570875,0.028726,-0.0012925,0.0053075,0.0202475,0.01467,-0.0055215,-0.0008995,0.0046085,0.0032345,0.0005425,-0.005569,-0.0100395,-0.0002535,0.000691,-0.0033765,-0.0015595,0.0016075,-0.0005545,0.0059645,-0.003113
Naga,0.0191222,-0.4389118,0.0018102,-0.0466412,0.0340986,0.0084782,0.004935,0.0018462,0.0010636,0.010096,-0.0811616,-0.0104008,0.0138552,-0.0039636,-0.010912,-0.0020948,0.0029204,-0.0031926,-0.0070892,0.006178,0.0006988,0.0268822,0.0076906,-0.0017832,0.0412178